// File generated with Tower of Babel version: 5.3-beta on 08/24/18
var __extends = this.__extends || function (d, b) {
    for (var p in b) if (b.hasOwnProperty(p)) d[p] = b[p];
    function __() { this.constructor = d; }
    d.prototype = b === null ? Object.create(b) : (__.prototype = b.prototype, new __());
};
var anim_bF_clo2;
(function (anim_bF_clo2) {
    var _B = BABYLON;
    var _M = _B.Matrix.FromValues;
    var _Q = _B.Quaternion;
    var _V = _B.Vector3;
    function CONTIG(array, offset, begin, end) {
        for(var i = 0, len = 1 + end - begin; i < len; i++) {
            array[offset + i] = begin + i;
        }
    }
    function REPEAT(array, offset, nRepeats, val) {
        for(var i = 0; i < nRepeats; i++) {
            array[offset + i] = val;
        }
    }
    function UNPACK(compressed) {
        var len = compressed.length * 4;
        ret = new Float32Array(compressed.length * 4);
        for(var i = 0, j = 0; i < len; i += 4, j++) {
            ret[i    ] =  compressed[j] & 0x000000FF;
            ret[i + 1] = (compressed[j] & 0x0000FF00) >> 8;
            ret[i + 2] = (compressed[j] & 0x00FF0000) >> 16;
            ret[i + 3] =  compressed[j] >> 24;
        }
        return ret;
    }
    var _sceneTransitionName;
    var _overriddenMillis;
    var _overriddenSound;
    var _options;

    function initScene(scene, resourcesRootDir, positionOffset, sceneTransitionName, overriddenMillis, overriddenSound, options) {
        if (!resourcesRootDir) { resourcesRootDir = "./"; }
        function MOVE(mesh, positionOffset) {
            mesh.position.addInPlace(positionOffset);
            if (mesh.isWorldMatrixFrozen) mesh.freezeWorldMatrix();
        }

        _sceneTransitionName = sceneTransitionName;
        _overriddenMillis    = overriddenMillis;
        _overriddenSound     = overriddenSound;
        _options             = options;

        scene.autoClear = true;
        scene.clearColor    = new _B.Color3(.0509,.0509,.0509);
        scene.ambientColor  = new _B.Color3(0,0,0);
        scene.gravity = new _V(0,-9.81,0);

        // define materials before meshes
        defineMaterials(scene, resourcesRootDir);

        // instance all root meshes
        var mesh;
        if (typeof (TOWER_OF_BABEL) !== 'undefined'){
            TOWER_OF_BABEL.MeshFactory.MODULES.push(new MeshFactory(scene));
            mesh = TOWER_OF_BABEL.MeshFactory.instance("anim_bF_clo2", "anim_pose_clo1_sle_ca.001", true);
            if (positionOffset) MOVE(mesh, positionOffset);
        } else {
            mesh = new anim_pose_clo1_sle_ca_001("anim_pose_clo1_sle_ca.001", scene);
            if (positionOffset) MOVE(mesh, positionOffset);
        }

        if (sceneTransitionName && matLoaded) {
            QI.SceneTransition.perform(sceneTransitionName, waitingMeshes, overriddenMillis, overriddenSound, options);
        }
    }
    anim_bF_clo2.initScene = initScene;
    var meshLib = new Array(1);
    var cloneCount = 1;

    var originalVerts = 0;
    var clonedVerts = 0;
    var MeshFactory = (function () {
        function MeshFactory(_scene, materialsRootDir) {
            this._scene = _scene;
            if (!materialsRootDir) { materialsRootDir = "./"; }
            defineMaterials(_scene, materialsRootDir); //embedded version check
        }

        MeshFactory.prototype.getModuleName = function () { return "anim_bF_clo2";};

        MeshFactory.prototype.instance = function (meshName, cloneSkeleton) {
            var ret = null;
            var src;
            switch (meshName){
                case "anim_pose_clo1_sle_ca.001":
                    src = getViable(0);
                    if (src === null){
                        ret = new anim_pose_clo1_sle_ca_001("anim_pose_clo1_sle_ca.001", this._scene);
                        originalVerts += ret.getTotalVertices();
                        meshLib[0].push(ret);
                    }else{
                        ret = new anim_pose_clo1_sle_ca_001("anim_pose_clo1_sle_ca.001" + "_" + cloneCount++, this._scene, null, src);
                        clonedVerts += ret.getTotalVertices();
                    }
                    break;
            }
            if (ret !== null){
                if (cloneSkeleton && src && src.skeleton){
                    var skelName = src.skeleton.name + cloneCount;
                    ret.skeleton = src.skeleton.clone(skelName, skelName);
                }
            }
            else _B.Tools.Error("Mesh not found: " + meshName);
            return ret;
        };
        return MeshFactory;
    })();
    anim_bF_clo2.MeshFactory = MeshFactory;
    function getViable(libIdx, isNode) {
        var meshes = meshLib[libIdx];
        if (!meshes || meshes === null){
            if (!meshes) meshLib[libIdx] = new Array();
            return null;
        }

        for (var i = meshes.length - 1; i >= 0; i--){
            if (meshes[i].geometry || isNode) return meshes[i];
        }
        return null;
    }

    function clean(libIdx) {
        var meshes = meshLib[libIdx];
        if (!meshes  || meshes === null) return;

        var stillViable = false;
        for (var i = meshes.length - 1; i >= 0; i--){
            if (!meshes[i].geometry) meshes[i] = null;
            else stillViable = true;
        }
        if (!stillViable) meshLib[libIdx] = null;
    }

    function getStats() { return [cloneCount, originalVerts, clonedVerts]; }
    anim_bF_clo2.getStats = getStats;


    var waitingMeshes = [];
    var pendingTextures = 0;
    var texLoadStart = 0;
    function onTexturesLoaded(){
        if (--pendingTextures > 0) return;
        _B.Tools.Log("Texture Load delay:  " + ((_B.Tools.Now - texLoadStart) / 1000).toFixed(2) + " secs");
        if (_sceneTransitionName) QI.SceneTransition.perform(_sceneTransitionName, waitingMeshes, _overriddenMillis, _overriddenSound, _options);
        else {
            for (var i = 0, len = waitingMeshes.length; i < len; i++) {
                if (!waitingMeshes[i].initComplete) continue;
                if (typeof waitingMeshes[i].grandEntrance == "function") waitingMeshes[i].grandEntrance();
                else makeVisible(waitingMeshes[i]);
            }
        }
        waitingMeshes = [];
        _sceneTransitionName = null;
        matLoaded = true;
    }

    // QI.Mesh has similar method, using this to not require QI
    function makeVisible(mesh){
        var children = mesh.getChildMeshes();
        mesh.isVisible = true;
        for (var i = 0, len = children.length; i < len; i++) {
            children[i].isVisible = true;
        }
    }

    var aheadQueued = false;
    function matReadAhead(materialsRootDir) {
        if (aheadQueued) return;
        var txBuffer;
        var fName;

        fName = "IMG_7450.JPG";
        if (!TOWER_OF_BABEL.Preloader.findTextureBuffer(fName)) {
            txtBuffer = new TOWER_OF_BABEL.TextureBuffer(materialsRootDir, fName);
            txtBuffer.hasAlpha = true;
            txtBuffer.level = 1;
            txtBuffer.coordinatesIndex = 0;
            txtBuffer.coordinatesMode = 0;
            txtBuffer.uOffset = 0;
            txtBuffer.vOffset = 0;
            txtBuffer.uScale = 1;
            txtBuffer.vScale = 1;
            txtBuffer.uAng = 0;
            txtBuffer.vAng = 0;
            txtBuffer.wAng = 0;
            txtBuffer.wrapU = 1;
            txtBuffer.wrapV = 1;
            pendingTextures++;
            TOWER_OF_BABEL.Preloader.addtextureBuffer(txtBuffer);
        }

        fName = "Denim.jpg";
        if (!TOWER_OF_BABEL.Preloader.findTextureBuffer(fName)) {
            txtBuffer = new TOWER_OF_BABEL.TextureBuffer(materialsRootDir, fName);
            txtBuffer.hasAlpha = true;
            txtBuffer.level = 1;
            txtBuffer.coordinatesIndex = 0;
            txtBuffer.coordinatesMode = 0;
            txtBuffer.uOffset = 0;
            txtBuffer.vOffset = 0;
            txtBuffer.uScale = 1;
            txtBuffer.vScale = 1;
            txtBuffer.uAng = 0;
            txtBuffer.vAng = 0;
            txtBuffer.wAng = 0;
            txtBuffer.wrapU = 1;
            txtBuffer.wrapV = 1;
            pendingTextures++;
            TOWER_OF_BABEL.Preloader.addtextureBuffer(txtBuffer);
        }

        aheadQueued = true;
    }
    anim_bF_clo2.matReadAhead = matReadAhead;

    var matLoaded = false;
    function defineMaterials(scene, materialsRootDir) {
        if (!materialsRootDir) { materialsRootDir = "./"; }
        if (materialsRootDir.lastIndexOf("/") + 1  !== materialsRootDir.length) { materialsRootDir  += "/"; }
        if (typeof(QI) !== "undefined") QI.TimelineControl.initialize(scene);
        if (typeof(TOWER_OF_BABEL) !== "undefined") TOWER_OF_BABEL.Preloader.SCENE = scene;
        var loadStart = _B.Tools.Now;
        matReadAhead(materialsRootDir);
        var material;
        var texture;
        var txBuffer;

        material = scene.getMaterialByID("anim_bF_clo2.Material3959.001");
        if (!material){
            material = new _B.StandardMaterial("anim_bF_clo2.Material3959.001", scene);
            material.ambientColor  = new _B.Color3(.2571,.2571,.2571);
            material.diffuseColor  = new _B.Color3(1,1,1);
            material.emissiveColor = new _B.Color3(0,0,0);
            material.specularColor = new _B.Color3(.075,.075,.075);
            material.specularPower = 15;
            material.alpha =  1;
            material.backFaceCulling = true;
            material.checkReadyOnlyOnce = false;
            material.maxSimultaneousLights = 4;
        txtBuffer = TOWER_OF_BABEL.Preloader.findTextureBuffer("IMG_7450.JPG");
        txtBuffer.applyWhenReady(material, TOWER_OF_BABEL.TextureBuffer.AMBIENT_TEX, onTexturesLoaded);
            material.diffuseTexture = new _B.Texture("Denim.jpg");
        txtBuffer = TOWER_OF_BABEL.Preloader.findTextureBuffer("Denim.jpg");
        txtBuffer.applyWhenReady(material, TOWER_OF_BABEL.TextureBuffer.DIFFUSE_TEX, onTexturesLoaded);
        } else material.markDirty();

        matLoaded = pendingTextures === 0;
        if (!matLoaded) texLoadStart = _B.Tools.Now;
        _B.Tools.Log("anim_bF_clo2.defineMaterials completed:  " + ((_B.Tools.Now - loadStart) / 1000).toFixed(2) + " secs");
    }
    anim_bF_clo2.defineMaterials = defineMaterials;

    function skel_anim_walk_002(name, scene){
        _B.Tools.Log('defining skeleton:  anim_walk.002');
        var bone;
        var animation;

        var skeleton = new QI.Skeleton(name, "0", scene);
        skeleton.dimensionsAtRest = new _V(35.7707,73.5585,20.4764);
        bone = new QI.Bone("hip", skeleton,null, _M(.9907,-.0152,.1351,0,-.058,.8517,.5208,0,.123,.5238,-.8429,0,-.2734,106.3797,-.8829,1), _M(.9907,-.0152,.1351,0,-.058,.8517,.5208,0,.123,.5238,-.8429,0,-.2734,106.3797,-.8829,1));
        bone.length = 1.9518;
        animation = new _B.Animation("anim", "_matrix", 24, 3, 1);
        animation.setKeys([
        {frame: 0, value: _M(.9907,-.0152,.1351,0,-.058,.8517,.5208,0,.123,.5238,-.8429,0,-.2734,106.3797,-.8829,1)},
        {frame: 90, value: _M(.9907,-.0152,.1351,0,-.058,.8517,.5208,0,.123,.5238,-.8429,0,-.2734,106.3797,-.8829,1)},
        {frame: 100, value: _M(.9907,-.0152,.1351,0,-.058,.8517,.5208,0,.123,.5238,-.8429,0,-.2734,106.3797,-.8829,1)},
        {frame: 190, value: _M(.9907,-.0152,.1351,0,-.058,.8517,.5208,0,.123,.5238,-.8429,0,-.2734,106.3797,-.8829,1)}
        ]);
        bone.animations.push(animation);

        bone = new QI.Bone("pelvis", skeleton,skeleton.bones[0], _M(1,0,0,0,0,-.8704,-.4923,0,0,.4923,-.8704,0,0,1.716,.73,1), _M(1,0,0,0,0,-.8704,-.4923,0,0,.4923,-.8704,0,0,1.716,.73,1));
        bone.length = 10.7295;
        animation = new _B.Animation("anim", "_matrix", 24, 3, 1);
        animation.setKeys([
        {frame: 0, value: _M(1,0,0,0,0,-.8704,-.4923,0,0,.4923,-.8704,0,0,1.716,.73,1)},
        {frame: 90, value: _M(1,0,0,0,0,-.8704,-.4923,0,0,.4923,-.8704,0,0,1.716,.73,1)},
        {frame: 100, value: _M(1,0,0,0,0,-.8704,-.4923,0,0,.4923,-.8704,0,0,1.716,.73,1)},
        {frame: 190, value: _M(1,0,0,0,0,-.8704,-.4923,0,0,.4923,-.8704,0,0,1.716,.73,1)}
        ]);
        bone.animations.push(animation);

        bone = new QI.Bone("lThighBend", skeleton,skeleton.bones[1], _M(-.9431,.0623,-.3266,0,.0014,.983,.1834,0,.3325,.1725,-.9272,0,7.9092,10.7296,0,1), _M(-.9431,.0623,-.3266,0,.0014,.983,.1834,0,.3325,.1725,-.9272,0,7.9092,10.7295,0,1));
        bone.length = 20.9511;
        animation = new _B.Animation("anim", "_matrix", 24, 3, 1);
        animation.setKeys([
        {frame: 0, value: _M(-.9431,.0623,-.3266,0,.0014,.983,.1834,0,.3325,.1725,-.9272,0,7.9092,10.7296,0,1)},
        {frame: 90, value: _M(-.9431,.0623,-.3266,0,.0014,.983,.1834,0,.3325,.1725,-.9272,0,7.9092,10.7296,0,1)},
        {frame: 100, value: _M(-.9431,.0623,-.3266,0,.0014,.983,.1834,0,.3325,.1725,-.9272,0,7.9092,10.7296,0,1)},
        {frame: 190, value: _M(-.9431,.0623,-.3266,0,.0014,.983,.1834,0,.3325,.1725,-.9272,0,7.9092,10.7296,0,1)}
        ]);
        bone.animations.push(animation);

        bone = new QI.Bone("rThighBend", skeleton,skeleton.bones[1], _M(-.9625,.1243,.241,0,.0406,.9448,-.3253,0,-.2681,-.3033,-.9144,0,-7.9092,10.7296,0,1), _M(-.9625,.1243,.241,0,.0406,.9448,-.3253,0,-.2681,-.3033,-.9144,0,-7.9092,10.7295,0,1));
        bone.length = 20.9511;
        animation = new _B.Animation("anim", "_matrix", 24, 3, 1);
        animation.setKeys([
        {frame: 0, value: _M(-.9625,.1243,.241,0,.0406,.9448,-.3253,0,-.2681,-.3033,-.9144,0,-7.9092,10.7296,0,1)},
        {frame: 90, value: _M(-.9625,.1243,.241,0,.0406,.9448,-.3253,0,-.2681,-.3033,-.9144,0,-7.9092,10.7296,0,1)},
        {frame: 100, value: _M(-.9625,.1243,.241,0,.0406,.9448,-.3253,0,-.2681,-.3033,-.9144,0,-7.9092,10.7296,0,1)},
        {frame: 190, value: _M(-.9625,.1243,.241,0,.0406,.9448,-.3253,0,-.2681,-.3033,-.9144,0,-7.9092,10.7296,0,1)}
        ]);
        bone.animations.push(animation);

        bone = new QI.Bone("abdomenLower", skeleton,skeleton.bones[0], _M(.9996,-.014,.0238,0,-.0018,.8267,.5626,0,-.0276,-.5624,.8264,0,0,2.1876,-.73,1), _M(.9996,-.014,.0238,0,-.0018,.8267,.5626,0,-.0276,-.5624,.8264,0,0,2.1876,-.73,1));
        bone.length = 8.237;
        animation = new _B.Animation("anim", "_matrix", 24, 3, 1);
        animation.setKeys([
        {frame: 0, value: _M(.9996,-.014,.0238,0,-.0018,.8267,.5626,0,-.0276,-.5624,.8264,0,0,2.1876,-.73,1)},
        {frame: 90, value: _M(.9996,-.014,.0238,0,-.0018,.8267,.5626,0,-.0276,-.5624,.8264,0,0,2.1876,-.73,1)},
        {frame: 100, value: _M(.9996,-.014,.0238,0,-.0018,.8267,.5626,0,-.0276,-.5624,.8264,0,0,2.1876,-.73,1)},
        {frame: 190, value: _M(.9996,-.014,.0238,0,-.0018,.8267,.5626,0,-.0276,-.5624,.8264,0,0,2.1876,-.73,1)}
        ]);
        bone.animations.push(animation);

        bone = new QI.Bone("abdomenUpper", skeleton,skeleton.bones[4], _M(.9995,.009,.0307,0,-.0046,.99,-.1408,0,-.0316,.1405,.9896,0,0,8.237,0,1), _M(.9995,.009,.0307,0,-.0046,.99,-.1408,0,-.0316,.1405,.9896,0,0,8.237,0,1));
        bone.length = 7.9153;
        animation = new _B.Animation("anim", "_matrix", 24, 3, 1);
        animation.setKeys([
        {frame: 0, value: _M(.9995,.009,.0307,0,-.0046,.99,-.1408,0,-.0316,.1405,.9896,0,0,8.237,0,1)},
        {frame: 2, value: _M(.9997,.0087,.0238,0,-.0052,.99,-.1409,0,-.0248,.1407,.9897,0,0,8.237,0,1)},
        {frame: 3, value: _M(.9999,.0082,.0134,0,-.0062,.99,-.1411,0,-.0144,.141,.9899,0,0,8.237,0,1)},
        {frame: 4, value: _M(1,.0077,.0021,0,-.0073,.9899,-.1413,0,-.0032,.1413,.99,0,0,8.237,0,1)},
        {frame: 5, value: _M(.9999,.0071,-.0094,0,-.0084,.9899,-.1415,0,.0083,.1415,.9899,0,0,8.237,0,1)},
        {frame: 6, value: _M(.9998,.0066,-.0211,0,-.0095,.9899,-.1416,0,.02,.1418,.9897,0,0,8.237,0,1)},
        {frame: 7, value: _M(.9994,.006,-.0328,0,-.0106,.9899,-.1417,0,.0316,.142,.9894,0,0,8.237,0,1)},
        {frame: 8, value: _M(.999,.0055,-.0444,0,-.0117,.9898,-.1418,0,.0432,.1422,.9889,0,0,8.237,0,1)},
        {frame: 9, value: _M(.9984,.0049,-.0559,0,-.0128,.9898,-.1419,0,.0546,.1424,.9883,0,0,8.237,0,1)},
        {frame: 10, value: _M(.9977,.0044,-.0671,0,-.0139,.9898,-.1419,0,.0658,.1425,.9876,0,0,8.237,0,1)},
        {frame: 11, value: _M(.9969,.0039,-.0781,0,-.015,.9898,-.1419,0,.0768,.1427,.9868,0,0,8.237,0,1)},
        {frame: 12, value: _M(.996,.0034,-.0889,0,-.016,.9897,-.1419,0,.0875,.1428,.9859,0,0,8.237,0,1)},
        {frame: 13, value: _M(.995,.0029,-.0994,0,-.017,.9897,-.1419,0,.098,.1429,.9849,0,0,8.237,0,1)},
        {frame: 14, value: _M(.994,.0024,-.1096,0,-.018,.9897,-.1419,0,.1082,.143,.9838,0,0,8.237,0,1)},
        {frame: 15, value: _M(.9928,.0019,-.1195,0,-.019,.9897,-.1418,0,.118,.143,.9827,0,0,8.237,0,1)},
        {frame: 16, value: _M(.9916,.0015,-.1291,0,-.0199,.9897,-.1417,0,.1275,.1431,.9815,0,0,8.237,0,1)},
        {frame: 17, value: _M(.9904,.001,-.1382,0,-.0208,.9897,-.1416,0,.1366,.1431,.9802,0,0,8.237,0,1)},
        {frame: 18, value: _M(.9891,.0006,-.147,0,-.0216,.9897,-.1415,0,.1454,.1432,.979,0,0,8.237,0,1)},
        {frame: 19, value: _M(.9879,.0002,-.1553,0,-.0225,.9897,-.1414,0,.1537,.1432,.9777,0,0,8.237,0,1)},
        {frame: 20, value: _M(.9866,-.0001,-.1632,0,-.0232,.9897,-.1413,0,.1615,.1432,.9764,0,0,8.237,0,1)},
        {frame: 21, value: _M(.9854,-.0005,-.1705,0,-.0239,.9897,-.1412,0,.1688,.1432,.9752,0,0,8.237,0,1)},
        {frame: 22, value: _M(.9841,-.0008,-.1774,0,-.0246,.9897,-.141,0,.1757,.1432,.974,0,0,8.237,0,1)},
        {frame: 23, value: _M(.983,-.0011,-.1837,0,-.0252,.9897,-.1409,0,.1819,.1431,.9728,0,0,8.237,0,1)},
        {frame: 24, value: _M(.9819,-.0014,-.1893,0,-.0258,.9897,-.1408,0,.1876,.1431,.9718,0,0,8.237,0,1)},
        {frame: 25, value: _M(.9809,-.0016,-.1943,0,-.0263,.9897,-.1407,0,.1926,.1431,.9708,0,0,8.237,0,1)},
        {frame: 26, value: _M(.9801,-.0018,-.1986,0,-.0267,.9897,-.1406,0,.1968,.1431,.9699,0,0,8.237,0,1)},
        {frame: 27, value: _M(.9794,-.002,-.2021,0,-.027,.9897,-.1405,0,.2003,.1431,.9692,0,0,8.237,0,1)},
        {frame: 28, value: _M(.9788,-.0021,-.2048,0,-.0273,.9897,-.1404,0,.2029,.143,.9687,0,0,8.237,0,1)},
        {frame: 29, value: _M(.9785,-.0022,-.2064,0,-.0274,.9897,-.1404,0,.2046,.143,.9683,0,0,8.237,0,1)},
        {frame: 30, value: _M(.9783,-.0022,-.207,0,-.0275,.9897,-.1404,0,.2052,.143,.9682,0,0,8.237,0,1)},
        {frame: 31, value: _M(.9784,-.0022,-.2066,0,-.0275,.9897,-.1404,0,.2048,.143,.9683,0,0,8.237,0,1)},
        {frame: 32, value: _M(.9786,-.0021,-.2055,0,-.0273,.9897,-.1404,0,.2037,.143,.9685,0,0,8.237,0,1)},
        {frame: 33, value: _M(.979,-.002,-.2036,0,-.0272,.9897,-.1404,0,.2018,.143,.9689,0,0,8.237,0,1)},
        {frame: 34, value: _M(.9796,-.0019,-.201,0,-.0269,.9897,-.1405,0,.1992,.143,.9695,0,0,8.237,0,1)},
        {frame: 35, value: _M(.9803,-.0017,-.1975,0,-.0266,.9897,-.1405,0,.1957,.143,.9702,0,0,8.237,0,1)},
        {frame: 36, value: _M(.9812,-.0015,-.1932,0,-.0261,.9897,-.1406,0,.1914,.143,.971,0,0,8.237,0,1)},
        {frame: 37, value: _M(.9821,-.0013,-.1881,0,-.0256,.9897,-.1406,0,.1864,.143,.972,0,0,8.237,0,1)},
        {frame: 38, value: _M(.9833,-.001,-.1822,0,-.025,.9897,-.1407,0,.1805,.1429,.9731,0,0,8.237,0,1)},
        {frame: 39, value: _M(.9845,-.0007,-.1755,0,-.0244,.9897,-.1408,0,.1738,.1429,.9744,0,0,8.237,0,1)},
        {frame: 40, value: _M(.9858,-.0004,-.1681,0,-.0237,.9897,-.1409,0,.1664,.1428,.9757,0,0,8.237,0,1)},
        {frame: 41, value: _M(.9871,0,-.1599,0,-.0229,.9898,-.1409,0,.1583,.1428,.977,0,0,8.237,0,1)},
        {frame: 42, value: _M(.9885,.0004,-.1511,0,-.022,.9898,-.141,0,.1495,.1427,.9784,0,0,8.237,0,1)},
        {frame: 43, value: _M(.9899,.0009,-.1416,0,-.0211,.9898,-.1411,0,.14,.1426,.9798,0,0,8.237,0,1)},
        {frame: 44, value: _M(.9913,.0014,-.1316,0,-.0201,.9898,-.1411,0,.1301,.1426,.9812,0,0,8.237,0,1)},
        {frame: 45, value: _M(.9926,.0019,-.1212,0,-.0191,.9898,-.1412,0,.1197,.1425,.9825,0,0,8.237,0,1)},
        {frame: 46, value: _M(.9939,.0024,-.1104,0,-.018,.9898,-.1412,0,.109,.1423,.9838,0,0,8.237,0,1)},
        {frame: 47, value: _M(.995,.0029,-.0994,0,-.017,.9898,-.1412,0,.0979,.1422,.985,0,0,8.237,0,1)},
        {frame: 48, value: _M(.9961,.0034,-.0882,0,-.0159,.9898,-.1412,0,.0868,.1421,.986,0,0,8.237,0,1)},
        {frame: 49, value: _M(.997,.004,-.0769,0,-.0148,.9899,-.1412,0,.0755,.142,.987,0,0,8.237,0,1)},
        {frame: 50, value: _M(.9978,.0045,-.0656,0,-.0137,.9899,-.1412,0,.0643,.1418,.9878,0,0,8.237,0,1)},
        {frame: 51, value: _M(.9985,.005,-.0545,0,-.0127,.9899,-.1412,0,.0532,.1417,.9885,0,0,8.237,0,1)},
        {frame: 52, value: _M(.999,.0055,-.0435,0,-.0116,.9899,-.1411,0,.0423,.1415,.989,0,0,8.237,0,1)},
        {frame: 53, value: _M(.9994,.006,-.0329,0,-.0106,.9899,-.1411,0,.0317,.1414,.9895,0,0,8.237,0,1)},
        {frame: 54, value: _M(.9997,.0065,-.0225,0,-.0096,.99,-.141,0,.0214,.1412,.9897,0,0,8.237,0,1)},
        {frame: 55, value: _M(.9999,.007,-.0125,0,-.0087,.99,-.141,0,.0114,.1411,.9899,0,0,8.237,0,1)},
        {frame: 56, value: _M(1,.0074,-.0029,0,-.0078,.99,-.1409,0,.0019,.1409,.99,0,0,8.237,0,1)},
        {frame: 57, value: _M(.9999,.0079,.0062,0,-.0069,.99,-.1409,0,-.0072,.1408,.99,0,0,8.237,0,1)},
        {frame: 58, value: _M(.9999,.0083,.0148,0,-.0061,.99,-.1408,0,-.0159,.1407,.9899,0,0,8.237,0,1)},
        {frame: 59, value: _M(.9997,.0087,.023,0,-.0053,.99,-.1408,0,-.024,.1406,.9898,0,0,8.237,0,1)},
        {frame: 60, value: _M(.9995,.009,.0307,0,-.0046,.99,-.1408,0,-.0316,.1405,.9896,0,0,8.237,0,1)},
        {frame: 61, value: _M(.9992,.0094,.0383,0,-.0039,.99,-.1407,0,-.0392,.1405,.9893,0,0,8.237,0,1)},
        {frame: 62, value: _M(.9989,.0097,.0462,0,-.0031,.99,-.1407,0,-.0471,.1404,.989,0,0,8.237,0,1)},
        {frame: 63, value: _M(.9985,.0101,.0544,0,-.0023,.9901,-.1406,0,-.0553,.1403,.9886,0,0,8.237,0,1)},
        {frame: 64, value: _M(.998,.0105,.063,0,-.0015,.9901,-.1406,0,-.0638,.1402,.9881,0,0,8.237,0,1)},
        {frame: 65, value: _M(.9974,.0109,.0718,0,-.0007,.9901,-.1405,0,-.0726,.1401,.9875,0,0,8.237,0,1)},
        {frame: 66, value: _M(.9967,.0113,.0809,0,.0002,.9901,-.1404,0,-.0816,.14,.9868,0,0,8.237,0,1)},
        {frame: 67, value: _M(.9959,.0117,.0901,0,.0011,.9901,-.1403,0,-.0909,.1398,.986,0,0,8.237,0,1)},
        {frame: 68, value: _M(.995,.0121,.0996,0,.002,.9901,-.1402,0,-.1003,.1397,.9851,0,0,8.237,0,1)},
        {frame: 69, value: _M(.9939,.0126,.1092,0,.0029,.9901,-.1401,0,-.1099,.1395,.9841,0,0,8.237,0,1)},
        {frame: 70, value: _M(.9928,.013,.1188,0,.0038,.9902,-.1399,0,-.1195,.1393,.983,0,0,8.237,0,1)},
        {frame: 71, value: _M(.9916,.0134,.1284,0,.0047,.9902,-.1397,0,-.1291,.1392,.9818,0,0,8.237,0,1)},
        {frame: 72, value: _M(.9903,.0138,.138,0,.0056,.9902,-.1395,0,-.1386,.139,.9805,0,0,8.237,0,1)},
        {frame: 73, value: _M(.989,.0142,.1475,0,.0065,.9902,-.1393,0,-.148,.1388,.9792,0,0,8.237,0,1)},
        {frame: 74, value: _M(.9875,.0147,.1567,0,.0074,.9902,-.1391,0,-.1572,.1386,.9778,0,0,8.237,0,1)},
        {frame: 75, value: _M(.9861,.015,.1656,0,.0082,.9903,-.1389,0,-.1661,.1383,.9764,0,0,8.237,0,1)},
        {frame: 76, value: _M(.9846,.0154,.1742,0,.009,.9903,-.1387,0,-.1747,.1381,.9749,0,0,8.237,0,1)},
        {frame: 77, value: _M(.9831,.0158,.1824,0,.0098,.9903,-.1385,0,-.1828,.1379,.9734,0,0,8.237,0,1)},
        {frame: 78, value: _M(.9816,.0161,.1901,0,.0105,.9903,-.1382,0,-.1905,.1377,.972,0,0,8.237,0,1)},
        {frame: 79, value: _M(.9802,.0164,.1972,0,.0112,.9904,-.138,0,-.1976,.1375,.9706,0,0,8.237,0,1)},
        {frame: 80, value: _M(.9789,.0167,.2038,0,.0118,.9904,-.1378,0,-.2041,.1373,.9693,0,0,8.237,0,1)},
        {frame: 81, value: _M(.9776,.0169,.2098,0,.0124,.9904,-.1376,0,-.2101,.1371,.968,0,0,8.237,0,1)},
        {frame: 82, value: _M(.9764,.0171,.2151,0,.0129,.9904,-.1374,0,-.2154,.137,.9669,0,0,8.237,0,1)},
        {frame: 83, value: _M(.9754,.0173,.2198,0,.0133,.9904,-.1373,0,-.2201,.1368,.9658,0,0,8.237,0,1)},
        {frame: 84, value: _M(.9745,.0175,.2239,0,.0137,.9905,-.1371,0,-.2241,.1367,.9649,0,0,8.237,0,1)},
        {frame: 85, value: _M(.9737,.0176,.2272,0,.014,.9905,-.137,0,-.2275,.1366,.9642,0,0,8.237,0,1)},
        {frame: 86, value: _M(.973,.0177,.23,0,.0143,.9905,-.1369,0,-.2302,.1365,.9635,0,0,8.237,0,1)},
        {frame: 87, value: _M(.9725,.0178,.2321,0,.0145,.9905,-.1368,0,-.2323,.1364,.963,0,0,8.237,0,1)},
        {frame: 88, value: _M(.9722,.0179,.2335,0,.0146,.9905,-.1368,0,-.2338,.1364,.9627,0,0,8.237,0,1)},
        {frame: 89, value: _M(.972,.0179,.2344,0,.0147,.9905,-.1367,0,-.2346,.1363,.9625,0,0,8.237,0,1)},
        {frame: 90, value: _M(.9719,.0179,.2347,0,.0147,.9905,-.1367,0,-.2349,.1363,.9624,0,0,8.237,0,1)},
        {frame: 100, value: _M(.9995,.009,.0307,0,-.0046,.99,-.1408,0,-.0316,.1405,.9896,0,0,8.237,0,1)},
        {frame: 102, value: _M(.9997,.0087,.0238,0,-.0052,.99,-.1409,0,-.0248,.1407,.9897,0,0,8.237,0,1)},
        {frame: 103, value: _M(.9999,.0082,.0134,0,-.0062,.99,-.1411,0,-.0144,.141,.9899,0,0,8.237,0,1)},
        {frame: 104, value: _M(1,.0077,.0021,0,-.0073,.9899,-.1413,0,-.0032,.1413,.99,0,0,8.237,0,1)},
        {frame: 105, value: _M(.9999,.0071,-.0094,0,-.0084,.9899,-.1415,0,.0083,.1415,.9899,0,0,8.237,0,1)},
        {frame: 106, value: _M(.9998,.0066,-.0211,0,-.0095,.9899,-.1416,0,.02,.1418,.9897,0,0,8.237,0,1)},
        {frame: 107, value: _M(.9994,.006,-.0328,0,-.0106,.9899,-.1417,0,.0316,.142,.9894,0,0,8.237,0,1)},
        {frame: 108, value: _M(.999,.0055,-.0444,0,-.0117,.9898,-.1418,0,.0432,.1422,.9889,0,0,8.237,0,1)},
        {frame: 109, value: _M(.9984,.0049,-.0559,0,-.0128,.9898,-.1419,0,.0546,.1424,.9883,0,0,8.237,0,1)},
        {frame: 110, value: _M(.9977,.0044,-.0671,0,-.0139,.9898,-.1419,0,.0658,.1425,.9876,0,0,8.237,0,1)},
        {frame: 111, value: _M(.9969,.0039,-.0781,0,-.015,.9898,-.1419,0,.0768,.1427,.9868,0,0,8.237,0,1)},
        {frame: 112, value: _M(.996,.0034,-.0889,0,-.016,.9897,-.1419,0,.0875,.1428,.9859,0,0,8.237,0,1)},
        {frame: 113, value: _M(.995,.0029,-.0994,0,-.017,.9897,-.1419,0,.098,.1429,.9849,0,0,8.237,0,1)},
        {frame: 114, value: _M(.994,.0024,-.1096,0,-.018,.9897,-.1419,0,.1082,.143,.9838,0,0,8.237,0,1)},
        {frame: 115, value: _M(.9928,.0019,-.1195,0,-.019,.9897,-.1418,0,.118,.143,.9827,0,0,8.237,0,1)},
        {frame: 116, value: _M(.9916,.0015,-.1291,0,-.0199,.9897,-.1417,0,.1275,.1431,.9815,0,0,8.237,0,1)},
        {frame: 117, value: _M(.9904,.001,-.1382,0,-.0208,.9897,-.1416,0,.1366,.1431,.9802,0,0,8.237,0,1)},
        {frame: 118, value: _M(.9891,.0006,-.147,0,-.0216,.9897,-.1415,0,.1454,.1432,.979,0,0,8.237,0,1)},
        {frame: 119, value: _M(.9879,.0002,-.1553,0,-.0225,.9897,-.1414,0,.1537,.1432,.9777,0,0,8.237,0,1)},
        {frame: 120, value: _M(.9866,-.0001,-.1632,0,-.0232,.9897,-.1413,0,.1615,.1432,.9764,0,0,8.237,0,1)},
        {frame: 121, value: _M(.9854,-.0005,-.1705,0,-.0239,.9897,-.1412,0,.1688,.1432,.9752,0,0,8.237,0,1)},
        {frame: 122, value: _M(.9841,-.0008,-.1774,0,-.0246,.9897,-.141,0,.1757,.1432,.974,0,0,8.237,0,1)},
        {frame: 123, value: _M(.983,-.0011,-.1837,0,-.0252,.9897,-.1409,0,.1819,.1431,.9728,0,0,8.237,0,1)},
        {frame: 124, value: _M(.9819,-.0014,-.1893,0,-.0258,.9897,-.1408,0,.1876,.1431,.9718,0,0,8.237,0,1)},
        {frame: 125, value: _M(.9809,-.0016,-.1943,0,-.0263,.9897,-.1407,0,.1926,.1431,.9708,0,0,8.237,0,1)},
        {frame: 126, value: _M(.9801,-.0018,-.1986,0,-.0267,.9897,-.1406,0,.1968,.1431,.9699,0,0,8.237,0,1)},
        {frame: 127, value: _M(.9794,-.002,-.2021,0,-.027,.9897,-.1405,0,.2003,.1431,.9692,0,0,8.237,0,1)},
        {frame: 128, value: _M(.9788,-.0021,-.2048,0,-.0273,.9897,-.1404,0,.2029,.143,.9687,0,0,8.237,0,1)},
        {frame: 129, value: _M(.9785,-.0022,-.2064,0,-.0274,.9897,-.1404,0,.2046,.143,.9683,0,0,8.237,0,1)},
        {frame: 130, value: _M(.9783,-.0022,-.207,0,-.0275,.9897,-.1404,0,.2052,.143,.9682,0,0,8.237,0,1)},
        {frame: 131, value: _M(.9784,-.0022,-.2066,0,-.0275,.9897,-.1404,0,.2048,.143,.9683,0,0,8.237,0,1)},
        {frame: 132, value: _M(.9786,-.0021,-.2055,0,-.0273,.9897,-.1404,0,.2037,.143,.9685,0,0,8.237,0,1)},
        {frame: 133, value: _M(.979,-.002,-.2036,0,-.0272,.9897,-.1404,0,.2018,.143,.9689,0,0,8.237,0,1)},
        {frame: 134, value: _M(.9796,-.0019,-.201,0,-.0269,.9897,-.1405,0,.1992,.143,.9695,0,0,8.237,0,1)},
        {frame: 135, value: _M(.9803,-.0017,-.1975,0,-.0266,.9897,-.1405,0,.1957,.143,.9702,0,0,8.237,0,1)},
        {frame: 136, value: _M(.9812,-.0015,-.1932,0,-.0261,.9897,-.1406,0,.1914,.143,.971,0,0,8.237,0,1)},
        {frame: 137, value: _M(.9821,-.0013,-.1881,0,-.0256,.9897,-.1406,0,.1864,.143,.972,0,0,8.237,0,1)},
        {frame: 138, value: _M(.9833,-.001,-.1822,0,-.025,.9897,-.1407,0,.1805,.1429,.9731,0,0,8.237,0,1)},
        {frame: 139, value: _M(.9845,-.0007,-.1755,0,-.0244,.9897,-.1408,0,.1738,.1429,.9744,0,0,8.237,0,1)},
        {frame: 140, value: _M(.9858,-.0004,-.1681,0,-.0237,.9897,-.1409,0,.1664,.1428,.9757,0,0,8.237,0,1)},
        {frame: 141, value: _M(.9871,0,-.1599,0,-.0229,.9898,-.1409,0,.1583,.1428,.977,0,0,8.237,0,1)},
        {frame: 142, value: _M(.9885,.0004,-.1511,0,-.022,.9898,-.141,0,.1495,.1427,.9784,0,0,8.237,0,1)},
        {frame: 143, value: _M(.9899,.0009,-.1416,0,-.0211,.9898,-.1411,0,.14,.1426,.9798,0,0,8.237,0,1)},
        {frame: 144, value: _M(.9913,.0014,-.1316,0,-.0201,.9898,-.1411,0,.1301,.1426,.9812,0,0,8.237,0,1)},
        {frame: 145, value: _M(.9926,.0019,-.1212,0,-.0191,.9898,-.1412,0,.1197,.1425,.9825,0,0,8.237,0,1)},
        {frame: 146, value: _M(.9939,.0024,-.1104,0,-.018,.9898,-.1412,0,.109,.1423,.9838,0,0,8.237,0,1)},
        {frame: 147, value: _M(.995,.0029,-.0994,0,-.017,.9898,-.1412,0,.0979,.1422,.985,0,0,8.237,0,1)},
        {frame: 148, value: _M(.9961,.0034,-.0882,0,-.0159,.9898,-.1412,0,.0868,.1421,.986,0,0,8.237,0,1)},
        {frame: 149, value: _M(.997,.004,-.0769,0,-.0148,.9899,-.1412,0,.0755,.142,.987,0,0,8.237,0,1)},
        {frame: 150, value: _M(.9978,.0045,-.0656,0,-.0137,.9899,-.1412,0,.0643,.1418,.9878,0,0,8.237,0,1)},
        {frame: 151, value: _M(.9985,.005,-.0545,0,-.0127,.9899,-.1412,0,.0532,.1417,.9885,0,0,8.237,0,1)},
        {frame: 152, value: _M(.999,.0055,-.0435,0,-.0116,.9899,-.1411,0,.0423,.1415,.989,0,0,8.237,0,1)},
        {frame: 153, value: _M(.9994,.006,-.0329,0,-.0106,.9899,-.1411,0,.0317,.1414,.9895,0,0,8.237,0,1)},
        {frame: 154, value: _M(.9997,.0065,-.0225,0,-.0096,.99,-.141,0,.0214,.1412,.9897,0,0,8.237,0,1)},
        {frame: 155, value: _M(.9999,.007,-.0125,0,-.0087,.99,-.141,0,.0114,.1411,.9899,0,0,8.237,0,1)},
        {frame: 156, value: _M(1,.0074,-.0029,0,-.0078,.99,-.1409,0,.0019,.1409,.99,0,0,8.237,0,1)},
        {frame: 157, value: _M(.9999,.0079,.0062,0,-.0069,.99,-.1409,0,-.0072,.1408,.99,0,0,8.237,0,1)},
        {frame: 158, value: _M(.9999,.0083,.0148,0,-.0061,.99,-.1408,0,-.0159,.1407,.9899,0,0,8.237,0,1)},
        {frame: 159, value: _M(.9997,.0087,.023,0,-.0053,.99,-.1408,0,-.024,.1406,.9898,0,0,8.237,0,1)},
        {frame: 160, value: _M(.9995,.009,.0307,0,-.0046,.99,-.1408,0,-.0316,.1405,.9896,0,0,8.237,0,1)},
        {frame: 161, value: _M(.9992,.0094,.0383,0,-.0039,.99,-.1407,0,-.0392,.1405,.9893,0,0,8.237,0,1)},
        {frame: 162, value: _M(.9989,.0097,.0462,0,-.0031,.99,-.1407,0,-.0471,.1404,.989,0,0,8.237,0,1)},
        {frame: 163, value: _M(.9985,.0101,.0544,0,-.0023,.9901,-.1406,0,-.0553,.1403,.9886,0,0,8.237,0,1)},
        {frame: 164, value: _M(.998,.0105,.063,0,-.0015,.9901,-.1406,0,-.0638,.1402,.9881,0,0,8.237,0,1)},
        {frame: 165, value: _M(.9974,.0109,.0718,0,-.0007,.9901,-.1405,0,-.0726,.1401,.9875,0,0,8.237,0,1)},
        {frame: 166, value: _M(.9967,.0113,.0809,0,.0002,.9901,-.1404,0,-.0816,.14,.9868,0,0,8.237,0,1)},
        {frame: 167, value: _M(.9959,.0117,.0901,0,.0011,.9901,-.1403,0,-.0909,.1398,.986,0,0,8.237,0,1)},
        {frame: 168, value: _M(.995,.0121,.0996,0,.002,.9901,-.1402,0,-.1003,.1397,.9851,0,0,8.237,0,1)},
        {frame: 169, value: _M(.9939,.0126,.1092,0,.0029,.9901,-.1401,0,-.1099,.1395,.9841,0,0,8.237,0,1)},
        {frame: 170, value: _M(.9928,.013,.1188,0,.0038,.9902,-.1399,0,-.1195,.1393,.983,0,0,8.237,0,1)},
        {frame: 171, value: _M(.9916,.0134,.1284,0,.0047,.9902,-.1397,0,-.1291,.1392,.9818,0,0,8.237,0,1)},
        {frame: 172, value: _M(.9903,.0138,.138,0,.0056,.9902,-.1395,0,-.1386,.139,.9805,0,0,8.237,0,1)},
        {frame: 173, value: _M(.989,.0142,.1475,0,.0065,.9902,-.1393,0,-.148,.1388,.9792,0,0,8.237,0,1)},
        {frame: 174, value: _M(.9875,.0147,.1567,0,.0074,.9902,-.1391,0,-.1572,.1386,.9778,0,0,8.237,0,1)},
        {frame: 175, value: _M(.9861,.015,.1656,0,.0082,.9903,-.1389,0,-.1661,.1383,.9764,0,0,8.237,0,1)},
        {frame: 176, value: _M(.9846,.0154,.1742,0,.009,.9903,-.1387,0,-.1747,.1381,.9749,0,0,8.237,0,1)},
        {frame: 177, value: _M(.9831,.0158,.1824,0,.0098,.9903,-.1385,0,-.1828,.1379,.9734,0,0,8.237,0,1)},
        {frame: 178, value: _M(.9816,.0161,.1901,0,.0105,.9903,-.1382,0,-.1905,.1377,.972,0,0,8.237,0,1)},
        {frame: 179, value: _M(.9802,.0164,.1972,0,.0112,.9904,-.138,0,-.1976,.1375,.9706,0,0,8.237,0,1)},
        {frame: 180, value: _M(.9789,.0167,.2038,0,.0118,.9904,-.1378,0,-.2041,.1373,.9693,0,0,8.237,0,1)},
        {frame: 181, value: _M(.9776,.0169,.2098,0,.0124,.9904,-.1376,0,-.2101,.1371,.968,0,0,8.237,0,1)},
        {frame: 182, value: _M(.9764,.0171,.2151,0,.0129,.9904,-.1374,0,-.2154,.137,.9669,0,0,8.237,0,1)},
        {frame: 183, value: _M(.9754,.0173,.2198,0,.0133,.9904,-.1373,0,-.2201,.1368,.9658,0,0,8.237,0,1)},
        {frame: 184, value: _M(.9745,.0175,.2239,0,.0137,.9905,-.1371,0,-.2241,.1367,.9649,0,0,8.237,0,1)},
        {frame: 185, value: _M(.9737,.0176,.2272,0,.014,.9905,-.137,0,-.2275,.1366,.9642,0,0,8.237,0,1)},
        {frame: 186, value: _M(.973,.0177,.23,0,.0143,.9905,-.1369,0,-.2302,.1365,.9635,0,0,8.237,0,1)},
        {frame: 187, value: _M(.9725,.0178,.2321,0,.0145,.9905,-.1368,0,-.2323,.1364,.963,0,0,8.237,0,1)},
        {frame: 188, value: _M(.9722,.0179,.2335,0,.0146,.9905,-.1368,0,-.2338,.1364,.9627,0,0,8.237,0,1)},
        {frame: 189, value: _M(.972,.0179,.2344,0,.0147,.9905,-.1367,0,-.2346,.1363,.9625,0,0,8.237,0,1)},
        {frame: 190, value: _M(.9719,.0179,.2347,0,.0147,.9905,-.1367,0,-.2349,.1363,.9624,0,0,8.237,0,1)}
        ]);
        bone.animations.push(animation);

        bone = new QI.Bone("chestLower", skeleton,skeleton.bones[5], _M(1,0,0,0,0,.8541,-.5201,0,0,.5201,.8541,0,0,7.9153,0,1), _M(1,0,0,0,0,.8541,-.5201,0,0,.5201,.8541,0,0,7.9153,0,1));
        bone.length = 12.3334;
        animation = new _B.Animation("anim", "_matrix", 24, 3, 1);
        animation.setKeys([
        {frame: 0, value: _M(1,0,0,0,0,.8541,-.5201,0,0,.5201,.8541,0,0,7.9153,0,1)},
        {frame: 90, value: _M(1,0,0,0,0,.8541,-.5201,0,0,.5201,.8541,0,0,7.9153,0,1)},
        {frame: 100, value: _M(1,0,0,0,0,.8541,-.5201,0,0,.5201,.8541,0,0,7.9153,0,1)},
        {frame: 190, value: _M(1,0,0,0,0,.8541,-.5201,0,0,.5201,.8541,0,0,7.9153,0,1)}
        ]);
        bone.animations.push(animation);

        bone = new QI.Bone("chestUpper", skeleton,skeleton.bones[6], _M(.9995,-.0136,.0288,0,-.0029,.8612,.5083,0,-.0317,-.5082,.8607,0,0,12.8479,4.3608,1), _M(.9995,-.0136,.0288,0,-.0029,.8612,.5083,0,-.0317,-.5082,.8607,0,0,12.8479,4.3608,1));
        bone.length = 13.436;
        animation = new _B.Animation("anim", "_matrix", 24, 3, 1);
        animation.setKeys([
        {frame: 0, value: _M(.9995,-.0136,.0288,0,-.0029,.8612,.5083,0,-.0317,-.5082,.8607,0,0,12.8479,4.3608,1)},
        {frame: 7, value: _M(.9995,-.0136,.0288,0,-.0029,.8612,.5083,0,-.0317,-.5082,.8607,0,0,12.8479,4.3607,1)},
        {frame: 14, value: _M(.9995,-.0136,.0288,0,-.0029,.8612,.5083,0,-.0317,-.5082,.8607,0,0,12.8479,4.3608,1)},
        {frame: 18, value: _M(.9995,-.0136,.0288,0,-.0029,.8612,.5083,0,-.0317,-.5082,.8607,0,0,12.8479,4.3607,1)},
        {frame: 19, value: _M(.9995,-.0136,.0288,0,-.0029,.8612,.5083,0,-.0317,-.5082,.8607,0,0,12.8479,4.3608,1)},
        {frame: 28, value: _M(.9995,-.0136,.0288,0,-.0029,.8612,.5083,0,-.0317,-.5082,.8607,0,0,12.8479,4.3607,1)},
        {frame: 31, value: _M(.9995,-.0136,.0288,0,-.0029,.8612,.5083,0,-.0317,-.5082,.8607,0,0,12.8479,4.3608,1)},
        {frame: 32, value: _M(.9995,-.0136,.0288,0,-.0029,.8612,.5083,0,-.0317,-.5082,.8607,0,0,12.8479,4.3607,1)},
        {frame: 33, value: _M(.9995,-.0136,.0288,0,-.0029,.8612,.5083,0,-.0317,-.5082,.8607,0,0,12.8479,4.3608,1)},
        {frame: 45, value: _M(.9995,-.0136,.0288,0,-.0029,.8612,.5083,0,-.0317,-.5082,.8607,0,0,12.8479,4.3607,1)},
        {frame: 46, value: _M(.9995,-.0136,.0288,0,-.0029,.8612,.5083,0,-.0317,-.5082,.8607,0,0,12.8479,4.3608,1)},
        {frame: 52, value: _M(.9995,-.0136,.0288,0,-.0029,.8612,.5083,0,-.0317,-.5082,.8607,0,0,12.8479,4.3607,1)},
        {frame: 54, value: _M(.9995,-.0136,.0288,0,-.0029,.8612,.5083,0,-.0317,-.5082,.8607,0,0,12.8479,4.3608,1)},
        {frame: 61, value: _M(.9995,-.0136,.0288,0,-.0029,.8612,.5083,0,-.0317,-.5082,.8607,0,0,12.8479,4.3607,1)},
        {frame: 62, value: _M(.9995,-.0136,.0288,0,-.0029,.8612,.5083,0,-.0317,-.5082,.8607,0,0,12.8479,4.3608,1)},
        {frame: 64, value: _M(.9995,-.0136,.0288,0,-.0029,.8612,.5083,0,-.0317,-.5082,.8607,0,0,12.8479,4.3607,1)},
        {frame: 65, value: _M(.9995,-.0136,.0288,0,-.0029,.8612,.5083,0,-.0317,-.5082,.8607,0,0,12.8479,4.3608,1)},
        {frame: 70, value: _M(.9995,-.0136,.0288,0,-.0029,.8612,.5083,0,-.0317,-.5082,.8607,0,0,12.8479,4.3607,1)},
        {frame: 71, value: _M(.9995,-.0136,.0288,0,-.0029,.8612,.5083,0,-.0317,-.5082,.8607,0,0,12.8479,4.3608,1)},
        {frame: 73, value: _M(.9995,-.0136,.0288,0,-.0029,.8612,.5083,0,-.0317,-.5082,.8607,0,0,12.8479,4.3607,1)},
        {frame: 74, value: _M(.9995,-.0136,.0288,0,-.0029,.8612,.5083,0,-.0317,-.5082,.8607,0,0,12.8479,4.3608,1)},
        {frame: 75, value: _M(.9995,-.0136,.0288,0,-.0029,.8612,.5083,0,-.0317,-.5082,.8607,0,0,12.8479,4.3607,1)},
        {frame: 76, value: _M(.9995,-.0136,.0288,0,-.0029,.8612,.5083,0,-.0317,-.5082,.8607,0,0,12.8479,4.3608,1)},
        {frame: 79, value: _M(.9995,-.0136,.0288,0,-.0029,.8612,.5083,0,-.0317,-.5082,.8607,0,0,12.8479,4.3607,1)},
        {frame: 82, value: _M(.9995,-.0136,.0288,0,-.0029,.8612,.5083,0,-.0317,-.5082,.8607,0,0,12.8479,4.3608,1)},
        {frame: 83, value: _M(.9995,-.0136,.0288,0,-.0029,.8612,.5083,0,-.0317,-.5082,.8607,0,0,12.8479,4.3607,1)},
        {frame: 85, value: _M(.9995,-.0136,.0288,0,-.0029,.8612,.5083,0,-.0317,-.5082,.8607,0,0,12.8479,4.3608,1)},
        {frame: 89, value: _M(.9995,-.0136,.0288,0,-.0029,.8612,.5083,0,-.0317,-.5082,.8607,0,0,12.8479,4.3607,1)},
        {frame: 90, value: _M(.9995,-.0136,.0288,0,-.0029,.8612,.5083,0,-.0317,-.5082,.8607,0,0,12.8479,4.3608,1)},
        {frame: 100, value: _M(.9995,-.0136,.0288,0,-.0029,.8612,.5083,0,-.0317,-.5082,.8607,0,0,12.8479,4.3608,1)},
        {frame: 107, value: _M(.9995,-.0136,.0288,0,-.0029,.8612,.5083,0,-.0317,-.5082,.8607,0,0,12.8479,4.3607,1)},
        {frame: 114, value: _M(.9995,-.0136,.0288,0,-.0029,.8612,.5083,0,-.0317,-.5082,.8607,0,0,12.8479,4.3608,1)},
        {frame: 118, value: _M(.9995,-.0136,.0288,0,-.0029,.8612,.5083,0,-.0317,-.5082,.8607,0,0,12.8479,4.3607,1)},
