// File generated with Tower of Babel version: 5.3-beta on 08/24/18
var __extends = this.__extends || function (d, b) {
    for (var p in b) if (b.hasOwnProperty(p)) d[p] = b[p];
    function __() { this.constructor = d; }
    d.prototype = b === null ? Object.create(b) : (__.prototype = b.prototype, new __());
};
var anim_bF_clo_min;
(function (anim_bF_clo_min) {
    var _B = BABYLON;
    var _M = _B.Matrix.FromValues;
    var _Q = _B.Quaternion;
    var _V = _B.Vector3;
    function CONTIG(array, offset, begin, end) {
        for(var i = 0, len = 1 + end - begin; i < len; i++) {
            array[offset + i] = begin + i;
        }
    }
    function REPEAT(array, offset, nRepeats, val) {
        for(var i = 0; i < nRepeats; i++) {
            array[offset + i] = val;
        }
    }
    function UNPACK(compressed) {
        var len = compressed.length * 4;
        ret = new Float32Array(compressed.length * 4);
        for(var i = 0, j = 0; i < len; i += 4, j++) {
            ret[i    ] =  compressed[j] & 0x000000FF;
            ret[i + 1] = (compressed[j] & 0x0000FF00) >> 8;
            ret[i + 2] = (compressed[j] & 0x00FF0000) >> 16;
            ret[i + 3] =  compressed[j] >> 24;
        }
        return ret;
    }
    var _sceneTransitionName;
    var _overriddenMillis;
    var _overriddenSound;
    var _options;

    function initScene(scene, resourcesRootDir, positionOffset, sceneTransitionName, overriddenMillis, overriddenSound, options) {
        if (!resourcesRootDir) { resourcesRootDir = "./"; }
        function MOVE(mesh, positionOffset) {
            mesh.position.addInPlace(positionOffset);
            if (mesh.isWorldMatrixFrozen) mesh.freezeWorldMatrix();
        }

        _sceneTransitionName = sceneTransitionName;
        _overriddenMillis    = overriddenMillis;
        _overriddenSound     = overriddenSound;
        _options             = options;

        scene.autoClear = true;
        scene.clearColor    = new _B.Color3(.0509,.0509,.0509);
        scene.ambientColor  = new _B.Color3(0,0,0);
        scene.gravity = new _V(0,-9.81,0);

        // define materials before meshes
        defineMaterials(scene, resourcesRootDir);

        // instance all root meshes
        var mesh;
        if (typeof (TOWER_OF_BABEL) !== 'undefined'){
            TOWER_OF_BABEL.MeshFactory.MODULES.push(new MeshFactory(scene));
            mesh = TOWER_OF_BABEL.MeshFactory.instance("anim_bF_clo_min", "anim_pose2_clo.001", true);
            if (positionOffset) MOVE(mesh, positionOffset);
        } else {
            mesh = new anim_pose2_clo_001("anim_pose2_clo.001", scene);
            if (positionOffset) MOVE(mesh, positionOffset);
        }

        if (sceneTransitionName && matLoaded) {
            QI.SceneTransition.perform(sceneTransitionName, waitingMeshes, overriddenMillis, overriddenSound, options);
        }
    }
    anim_bF_clo_min.initScene = initScene;
    var meshLib = new Array(1);
    var cloneCount = 1;

    var originalVerts = 0;
    var clonedVerts = 0;
    var MeshFactory = (function () {
        function MeshFactory(_scene, materialsRootDir) {
            this._scene = _scene;
            if (!materialsRootDir) { materialsRootDir = "./"; }
            defineMaterials(_scene, materialsRootDir); //embedded version check
        }

        MeshFactory.prototype.getModuleName = function () { return "anim_bF_clo_min";};

        MeshFactory.prototype.instance = function (meshName, cloneSkeleton) {
            var ret = null;
            var src;
            switch (meshName){
                case "anim_pose2_clo.001":
                    src = getViable(0);
                    if (src === null){
                        ret = new anim_pose2_clo_001("anim_pose2_clo.001", this._scene);
                        originalVerts += ret.getTotalVertices();
                        meshLib[0].push(ret);
                    }else{
                        ret = new anim_pose2_clo_001("anim_pose2_clo.001" + "_" + cloneCount++, this._scene, null, src);
                        clonedVerts += ret.getTotalVertices();
                    }
                    break;
            }
            if (ret !== null){
                if (cloneSkeleton && src && src.skeleton){
                    var skelName = src.skeleton.name + cloneCount;
                    ret.skeleton = src.skeleton.clone(skelName, skelName);
                }
            }
            else _B.Tools.Error("Mesh not found: " + meshName);
            return ret;
        };
        return MeshFactory;
    })();
    anim_bF_clo_min.MeshFactory = MeshFactory;
    function getViable(libIdx, isNode) {
        var meshes = meshLib[libIdx];
        if (!meshes || meshes === null){
            if (!meshes) meshLib[libIdx] = new Array();
            return null;
        }

        for (var i = meshes.length - 1; i >= 0; i--){
            if (meshes[i].geometry || isNode) return meshes[i];
        }
        return null;
    }

    function clean(libIdx) {
        var meshes = meshLib[libIdx];
        if (!meshes  || meshes === null) return;

        var stillViable = false;
        for (var i = meshes.length - 1; i >= 0; i--){
            if (!meshes[i].geometry) meshes[i] = null;
            else stillViable = true;
        }
        if (!stillViable) meshLib[libIdx] = null;
    }

    function getStats() { return [cloneCount, originalVerts, clonedVerts]; }
    anim_bF_clo_min.getStats = getStats;


    var waitingMeshes = [];
    var pendingTextures = 0;
    var texLoadStart = 0;
    function onTexturesLoaded(){
        if (--pendingTextures > 0) return;
        _B.Tools.Log("Texture Load delay:  " + ((_B.Tools.Now - texLoadStart) / 1000).toFixed(2) + " secs");
        if (_sceneTransitionName) QI.SceneTransition.perform(_sceneTransitionName, waitingMeshes, _overriddenMillis, _overriddenSound, _options);
        else {
            for (var i = 0, len = waitingMeshes.length; i < len; i++) {
                if (!waitingMeshes[i].initComplete) continue;
                if (typeof waitingMeshes[i].grandEntrance == "function") waitingMeshes[i].grandEntrance();
                else makeVisible(waitingMeshes[i]);
            }
        }
        waitingMeshes = [];
        _sceneTransitionName = null;
        matLoaded = true;
    }

    // QI.Mesh has similar method, using this to not require QI
    function makeVisible(mesh){
        var children = mesh.getChildMeshes();
        mesh.isVisible = true;
        for (var i = 0, len = children.length; i < len; i++) {
            children[i].isVisible = true;
        }
    }

    var aheadQueued = false;
    function matReadAhead(materialsRootDir) {
        if (aheadQueued) return;
        var txBuffer;
        var fName;

        fName = "IMG_7450.JPG";
        if (!TOWER_OF_BABEL.Preloader.findTextureBuffer(fName)) {
            txtBuffer = new TOWER_OF_BABEL.TextureBuffer(materialsRootDir, fName);
            txtBuffer.hasAlpha = true;
            txtBuffer.level = 1;
            txtBuffer.coordinatesIndex = 0;
            txtBuffer.coordinatesMode = 0;
            txtBuffer.uOffset = 0;
            txtBuffer.vOffset = 0;
            txtBuffer.uScale = 1;
            txtBuffer.vScale = 1;
            txtBuffer.uAng = 0;
            txtBuffer.vAng = 0;
            txtBuffer.wAng = 0;
            txtBuffer.wrapU = 1;
            txtBuffer.wrapV = 1;
            pendingTextures++;
            TOWER_OF_BABEL.Preloader.addtextureBuffer(txtBuffer);
        }

        fName = "Denim.jpg";
        if (!TOWER_OF_BABEL.Preloader.findTextureBuffer(fName)) {
            txtBuffer = new TOWER_OF_BABEL.TextureBuffer(materialsRootDir, fName);
            txtBuffer.hasAlpha = true;
            txtBuffer.level = 1;
            txtBuffer.coordinatesIndex = 0;
            txtBuffer.coordinatesMode = 0;
            txtBuffer.uOffset = 0;
            txtBuffer.vOffset = 0;
            txtBuffer.uScale = 1;
            txtBuffer.vScale = 1;
            txtBuffer.uAng = 0;
            txtBuffer.vAng = 0;
            txtBuffer.wAng = 0;
            txtBuffer.wrapU = 1;
            txtBuffer.wrapV = 1;
            pendingTextures++;
            TOWER_OF_BABEL.Preloader.addtextureBuffer(txtBuffer);
        }

        aheadQueued = true;
    }
    anim_bF_clo_min.matReadAhead = matReadAhead;

    var matLoaded = false;
    function defineMaterials(scene, materialsRootDir) {
        if (!materialsRootDir) { materialsRootDir = "./"; }
        if (materialsRootDir.lastIndexOf("/") + 1  !== materialsRootDir.length) { materialsRootDir  += "/"; }
        if (typeof(QI) !== "undefined") QI.TimelineControl.initialize(scene);
        if (typeof(TOWER_OF_BABEL) !== "undefined") TOWER_OF_BABEL.Preloader.SCENE = scene;
        var loadStart = _B.Tools.Now;
        matReadAhead(materialsRootDir);
        var material;
        var texture;
        var txBuffer;

        material = scene.getMaterialByID("anim_bF_clo_min.Material3959.004");
        if (!material){
            material = new _B.StandardMaterial("anim_bF_clo_min.Material3959.004", scene);
            material.ambientColor  = new _B.Color3(.2571,.2571,.2571);
            material.diffuseColor  = new _B.Color3(1,1,1);
            material.emissiveColor = new _B.Color3(0,0,0);
            material.specularColor = new _B.Color3(.075,.075,.075);
            material.specularPower = 15;
            material.alpha =  1;
            material.backFaceCulling = true;
            material.checkReadyOnlyOnce = false;
            material.maxSimultaneousLights = 4;
        txtBuffer = TOWER_OF_BABEL.Preloader.findTextureBuffer("IMG_7450.JPG");
        txtBuffer.applyWhenReady(material, TOWER_OF_BABEL.TextureBuffer.AMBIENT_TEX, onTexturesLoaded);
            material.diffuseTexture = new _B.Texture("Denim.jpg");
        txtBuffer = TOWER_OF_BABEL.Preloader.findTextureBuffer("Denim.jpg");
        txtBuffer.applyWhenReady(material, TOWER_OF_BABEL.TextureBuffer.DIFFUSE_TEX, onTexturesLoaded);
        } else material.markDirty();

        matLoaded = pendingTextures === 0;
        if (!matLoaded) texLoadStart = _B.Tools.Now;
        _B.Tools.Log("anim_bF_clo_min.defineMaterials completed:  " + ((_B.Tools.Now - loadStart) / 1000).toFixed(2) + " secs");
    }
    anim_bF_clo_min.defineMaterials = defineMaterials;

    function skel_anim_walk_001(name, scene){
        _B.Tools.Log('defining skeleton:  anim_walk.001');
        var bone;
        var animation;

        var skeleton = new QI.Skeleton(name, "0", scene);
        skeleton.dimensionsAtRest = new _V(33.287,140.2924,59.3105);
        bone = new QI.Bone("hip", skeleton,null, _M(.9934,-.0176,.1136,0,-.043,.8594,.5094,0,.1066,.5109,-.853,0,-1.685,103.5435,-26.6051,1), _M(.9934,-.0176,.1136,0,-.043,.8594,.5094,0,.1066,.5109,-.853,0,-1.685,103.5435,-26.6051,1));
        bone.length = 1.9518;
        animation = new _B.Animation("anim", "_matrix", 24, 3, 1);
        animation.setKeys([
        {frame: 0, value: _M(.9934,-.0176,.1136,0,-.043,.8594,.5094,0,.1066,.5109,-.853,0,-1.685,103.5435,-26.6051,1)},
        {frame: 30, value: _M(.9934,-.0176,.1136,0,-.043,.8594,.5094,0,.1066,.5109,-.853,0,-1.685,103.5435,-26.6051,1)},
        {frame: 40, value: _M(.9934,-.0176,.1136,0,-.043,.8594,.5094,0,.1066,.5109,-.853,0,-1.685,103.5435,-26.6051,1)},
        {frame: 41, value: _M(.9934,-.0176,.1136,0,-.043,.8594,.5094,0,.1066,.5109,-.853,0,-1.685,103.5435,-26.5732,1)},
        {frame: 42, value: _M(.9934,-.0176,.1136,0,-.043,.8594,.5094,0,.1066,.5109,-.853,0,-1.685,103.5435,-26.477,1)},
        {frame: 43, value: _M(.9934,-.0176,.1136,0,-.043,.8594,.5094,0,.1066,.5109,-.853,0,-1.685,103.5435,-26.316,1)},
        {frame: 44, value: _M(.9934,-.0176,.1136,0,-.043,.8594,.5094,0,.1066,.5109,-.853,0,-1.685,103.5435,-26.09,1)},
        {frame: 45, value: _M(.9934,-.0176,.1136,0,-.043,.8594,.5094,0,.1066,.5109,-.853,0,-1.685,103.5435,-25.7995,1)},
        {frame: 46, value: _M(.9934,-.0176,.1136,0,-.043,.8594,.5094,0,.1066,.5109,-.853,0,-1.685,103.5435,-25.4455,1)},
        {frame: 47, value: _M(.9934,-.0176,.1136,0,-.043,.8594,.5094,0,.1066,.5109,-.853,0,-1.685,103.5435,-25.0299,1)},
        {frame: 48, value: _M(.9934,-.0176,.1136,0,-.043,.8594,.5094,0,.1066,.5109,-.853,0,-1.685,103.5435,-24.5554,1)},
        {frame: 49, value: _M(.9934,-.0176,.1136,0,-.043,.8594,.5094,0,.1066,.5109,-.853,0,-1.685,103.5435,-24.0256,1)},
        {frame: 50, value: _M(.9934,-.0176,.1136,0,-.043,.8594,.5094,0,.1066,.5109,-.853,0,-1.685,103.5435,-23.4451,1)},
        {frame: 51, value: _M(.9934,-.0176,.1136,0,-.043,.8594,.5094,0,.1066,.5109,-.853,0,-1.685,103.5435,-22.8195,1)},
        {frame: 52, value: _M(.9934,-.0176,.1136,0,-.043,.8594,.5094,0,.1066,.5109,-.853,0,-1.685,103.5435,-22.1554,1)},
        {frame: 53, value: _M(.9934,-.0176,.1136,0,-.043,.8594,.5094,0,.1066,.5109,-.853,0,-1.685,103.5435,-21.4602,1)},
        {frame: 54, value: _M(.9934,-.0176,.1136,0,-.043,.8594,.5094,0,.1066,.5109,-.853,0,-1.685,103.5435,-20.7423,1)},
        {frame: 55, value: _M(.9934,-.0176,.1136,0,-.043,.8594,.5094,0,.1066,.5109,-.853,0,-1.685,103.5435,-20.0105,1)},
        {frame: 56, value: _M(.9934,-.0176,.1136,0,-.043,.8594,.5094,0,.1066,.5109,-.853,0,-1.685,103.5435,-19.2739,1)},
        {frame: 57, value: _M(.9934,-.0176,.1136,0,-.043,.8594,.5094,0,.1066,.5109,-.853,0,-1.685,103.5435,-18.5421,1)},
        {frame: 58, value: _M(.9934,-.0176,.1136,0,-.043,.8594,.5094,0,.1066,.5109,-.853,0,-1.685,103.5435,-17.8242,1)},
        {frame: 59, value: _M(.9934,-.0176,.1136,0,-.043,.8594,.5094,0,.1066,.5109,-.853,0,-1.685,103.5435,-17.129,1)},
        {frame: 60, value: _M(.9934,-.0176,.1136,0,-.043,.8594,.5094,0,.1066,.5109,-.853,0,-1.685,103.5435,-16.4649,1)},
        {frame: 61, value: _M(.9934,-.0176,.1136,0,-.043,.8594,.5094,0,.1066,.5109,-.853,0,-1.685,103.5435,-15.8393,1)},
        {frame: 62, value: _M(.9934,-.0176,.1136,0,-.043,.8594,.5094,0,.1066,.5109,-.853,0,-1.685,103.5435,-15.2588,1)},
        {frame: 63, value: _M(.9934,-.0176,.1136,0,-.043,.8594,.5094,0,.1066,.5109,-.853,0,-1.685,103.5435,-14.729,1)},
        {frame: 64, value: _M(.9934,-.0176,.1136,0,-.043,.8594,.5094,0,.1066,.5109,-.853,0,-1.685,103.5435,-14.2545,1)},
        {frame: 65, value: _M(.9934,-.0176,.1136,0,-.043,.8594,.5094,0,.1066,.5109,-.853,0,-1.685,103.5435,-13.8389,1)},
        {frame: 66, value: _M(.9934,-.0176,.1136,0,-.043,.8594,.5094,0,.1066,.5109,-.853,0,-1.685,103.5435,-13.4849,1)},
        {frame: 67, value: _M(.9934,-.0176,.1136,0,-.043,.8594,.5094,0,.1066,.5109,-.853,0,-1.685,103.5435,-13.1944,1)},
        {frame: 68, value: _M(.9934,-.0176,.1136,0,-.043,.8594,.5094,0,.1066,.5109,-.853,0,-1.685,103.5435,-12.9684,1)},
        {frame: 69, value: _M(.9934,-.0176,.1136,0,-.043,.8594,.5094,0,.1066,.5109,-.853,0,-1.685,103.5435,-12.8073,1)},
        {frame: 70, value: _M(.9934,-.0176,.1136,0,-.043,.8594,.5094,0,.1066,.5109,-.853,0,-1.685,103.5435,-12.7112,1)},
        {frame: 71, value: _M(.9934,-.0176,.1136,0,-.043,.8594,.5094,0,.1066,.5109,-.853,0,-1.685,103.5435,-12.6793,1)},
        {frame: 72, value: _M(.9934,-.0176,.1136,0,-.043,.8594,.5094,0,.1066,.5109,-.853,0,-1.685,103.5435,-12.7157,1)},
        {frame: 73, value: _M(.9934,-.0176,.1136,0,-.043,.8594,.5094,0,.1066,.5109,-.853,0,-1.685,103.5435,-12.8257,1)},
        {frame: 74, value: _M(.9934,-.0176,.1136,0,-.043,.8594,.5094,0,.1066,.5109,-.853,0,-1.685,103.5435,-13.0098,1)},
        {frame: 75, value: _M(.9934,-.0176,.1136,0,-.043,.8594,.5094,0,.1066,.5109,-.853,0,-1.685,103.5435,-13.2681,1)},
        {frame: 76, value: _M(.9934,-.0176,.1136,0,-.043,.8594,.5094,0,.1066,.5109,-.853,0,-1.685,103.5435,-13.5999,1)},
        {frame: 77, value: _M(.9934,-.0176,.1136,0,-.043,.8594,.5094,0,.1066,.5109,-.853,0,-1.685,103.5435,-14.0035,1)},
        {frame: 78, value: _M(.9934,-.0176,.1136,0,-.043,.8594,.5094,0,.1066,.5109,-.853,0,-1.685,103.5435,-14.4764,1)},
        {frame: 79, value: _M(.9934,-.0176,.1136,0,-.043,.8594,.5094,0,.1066,.5109,-.853,0,-1.685,103.5435,-15.0147,1)},
        {frame: 80, value: _M(.9934,-.0176,.1136,0,-.043,.8594,.5094,0,.1066,.5109,-.853,0,-1.685,103.5435,-15.6135,1)},
        {frame: 81, value: _M(.9934,-.0176,.1136,0,-.043,.8594,.5094,0,.1066,.5109,-.853,0,-1.685,103.5435,-16.2663,1)},
        {frame: 82, value: _M(.9934,-.0176,.1136,0,-.043,.8594,.5094,0,.1066,.5109,-.853,0,-1.685,103.5435,-16.9656,1)},
        {frame: 83, value: _M(.9934,-.0176,.1136,0,-.043,.8594,.5094,0,.1066,.5109,-.853,0,-1.685,103.5435,-17.7024,1)},
        {frame: 84, value: _M(.9934,-.0176,.1136,0,-.043,.8594,.5094,0,.1066,.5109,-.853,0,-1.685,103.5435,-18.467,1)},
        {frame: 85, value: _M(.9934,-.0176,.1136,0,-.043,.8594,.5094,0,.1066,.5109,-.853,0,-1.685,103.5435,-19.2486,1)},
        {frame: 86, value: _M(.9934,-.0176,.1136,0,-.043,.8594,.5094,0,.1066,.5109,-.853,0,-1.685,103.5435,-20.0358,1)},
        {frame: 87, value: _M(.9934,-.0176,.1136,0,-.043,.8594,.5094,0,.1066,.5109,-.853,0,-1.685,103.5435,-20.8174,1)},
        {frame: 88, value: _M(.9934,-.0176,.1136,0,-.043,.8594,.5094,0,.1066,.5109,-.853,0,-1.685,103.5435,-21.5819,1)},
        {frame: 89, value: _M(.9934,-.0176,.1136,0,-.043,.8594,.5094,0,.1066,.5109,-.853,0,-1.685,103.5435,-22.3188,1)},
        {frame: 90, value: _M(.9934,-.0176,.1136,0,-.043,.8594,.5094,0,.1066,.5109,-.853,0,-1.685,103.5435,-23.0181,1)},
        {frame: 91, value: _M(.9934,-.0176,.1136,0,-.043,.8594,.5094,0,.1066,.5109,-.853,0,-1.685,103.5435,-23.6709,1)},
        {frame: 92, value: _M(.9934,-.0176,.1136,0,-.043,.8594,.5094,0,.1066,.5109,-.853,0,-1.685,103.5435,-24.2696,1)},
        {frame: 93, value: _M(.9934,-.0176,.1136,0,-.043,.8594,.5094,0,.1066,.5109,-.853,0,-1.685,103.5435,-24.808,1)},
        {frame: 94, value: _M(.9934,-.0176,.1136,0,-.043,.8594,.5094,0,.1066,.5109,-.853,0,-1.685,103.5435,-25.2808,1)},
        {frame: 95, value: _M(.9934,-.0176,.1136,0,-.043,.8594,.5094,0,.1066,.5109,-.853,0,-1.685,103.5435,-25.6845,1)},
        {frame: 96, value: _M(.9934,-.0176,.1136,0,-.043,.8594,.5094,0,.1066,.5109,-.853,0,-1.685,103.5435,-26.0163,1)},
        {frame: 97, value: _M(.9934,-.0176,.1136,0,-.043,.8594,.5094,0,.1066,.5109,-.853,0,-1.685,103.5435,-26.2746,1)},
        {frame: 98, value: _M(.9934,-.0176,.1136,0,-.043,.8594,.5094,0,.1066,.5109,-.853,0,-1.685,103.5435,-26.4587,1)},
        {frame: 99, value: _M(.9934,-.0176,.1136,0,-.043,.8594,.5094,0,.1066,.5109,-.853,0,-1.685,103.5435,-26.5686,1)},
        {frame: 100, value: _M(.9934,-.0176,.1136,0,-.043,.8594,.5094,0,.1066,.5109,-.853,0,-1.685,103.5435,-26.6051,1)},
        {frame: 110, value: _M(.9934,-.0176,.1136,0,-.043,.8594,.5094,0,.1066,.5109,-.853,0,-1.685,103.5435,-26.6051,1)},
        {frame: 111, value: _M(.9934,-.0176,.1136,0,-.043,.8594,.5094,0,.1066,.5109,-.853,0,-1.685,103.5435,-26.5732,1)},
        {frame: 112, value: _M(.9934,-.0176,.1136,0,-.043,.8594,.5094,0,.1066,.5109,-.853,0,-1.685,103.5435,-26.477,1)},
        {frame: 113, value: _M(.9934,-.0176,.1136,0,-.043,.8594,.5094,0,.1066,.5109,-.853,0,-1.685,103.5435,-26.316,1)},
        {frame: 114, value: _M(.9934,-.0176,.1136,0,-.043,.8594,.5094,0,.1066,.5109,-.853,0,-1.685,103.5435,-26.09,1)},
        {frame: 115, value: _M(.9934,-.0176,.1136,0,-.043,.8594,.5094,0,.1066,.5109,-.853,0,-1.685,103.5435,-25.7995,1)},
        {frame: 116, value: _M(.9934,-.0176,.1136,0,-.043,.8594,.5094,0,.1066,.5109,-.853,0,-1.685,103.5435,-25.4455,1)},
        {frame: 117, value: _M(.9934,-.0176,.1136,0,-.043,.8594,.5094,0,.1066,.5109,-.853,0,-1.685,103.5435,-25.0299,1)},
        {frame: 118, value: _M(.9934,-.0176,.1136,0,-.043,.8594,.5094,0,.1066,.5109,-.853,0,-1.685,103.5435,-24.5554,1)},
        {frame: 119, value: _M(.9934,-.0176,.1136,0,-.043,.8594,.5094,0,.1066,.5109,-.853,0,-1.685,103.5435,-24.0256,1)},
        {frame: 120, value: _M(.9934,-.0176,.1136,0,-.043,.8594,.5094,0,.1066,.5109,-.853,0,-1.685,103.5435,-23.4451,1)},
        {frame: 121, value: _M(.9934,-.0176,.1136,0,-.043,.8594,.5094,0,.1066,.5109,-.853,0,-1.685,103.5435,-22.8195,1)},
        {frame: 122, value: _M(.9934,-.0176,.1136,0,-.043,.8594,.5094,0,.1066,.5109,-.853,0,-1.685,103.5435,-22.1554,1)},
        {frame: 123, value: _M(.9934,-.0176,.1136,0,-.043,.8594,.5094,0,.1066,.5109,-.853,0,-1.685,103.5435,-21.4602,1)},
        {frame: 124, value: _M(.9934,-.0176,.1136,0,-.043,.8594,.5094,0,.1066,.5109,-.853,0,-1.685,103.5435,-20.7423,1)},
        {frame: 125, value: _M(.9934,-.0176,.1136,0,-.043,.8594,.5094,0,.1066,.5109,-.853,0,-1.685,103.5435,-20.0105,1)},
        {frame: 126, value: _M(.9934,-.0176,.1136,0,-.043,.8594,.5094,0,.1066,.5109,-.853,0,-1.685,103.5435,-19.2739,1)},
        {frame: 127, value: _M(.9934,-.0176,.1136,0,-.043,.8594,.5094,0,.1066,.5109,-.853,0,-1.685,103.5435,-18.5421,1)},
        {frame: 128, value: _M(.9934,-.0176,.1136,0,-.043,.8594,.5094,0,.1066,.5109,-.853,0,-1.685,103.5435,-17.8242,1)},
        {frame: 129, value: _M(.9934,-.0176,.1136,0,-.043,.8594,.5094,0,.1066,.5109,-.853,0,-1.685,103.5435,-17.129,1)},
        {frame: 130, value: _M(.9934,-.0176,.1136,0,-.043,.8594,.5094,0,.1066,.5109,-.853,0,-1.685,103.5435,-16.4649,1)},
        {frame: 131, value: _M(.9934,-.0176,.1136,0,-.043,.8594,.5094,0,.1066,.5109,-.853,0,-1.685,103.5435,-15.8393,1)},
        {frame: 132, value: _M(.9934,-.0176,.1136,0,-.043,.8594,.5094,0,.1066,.5109,-.853,0,-1.685,103.5435,-15.2588,1)},
        {frame: 133, value: _M(.9934,-.0176,.1136,0,-.043,.8594,.5094,0,.1066,.5109,-.853,0,-1.685,103.5435,-14.729,1)},
        {frame: 134, value: _M(.9934,-.0176,.1136,0,-.043,.8594,.5094,0,.1066,.5109,-.853,0,-1.685,103.5435,-14.2545,1)},
        {frame: 135, value: _M(.9934,-.0176,.1136,0,-.043,.8594,.5094,0,.1066,.5109,-.853,0,-1.685,103.5435,-13.8389,1)},
        {frame: 136, value: _M(.9934,-.0176,.1136,0,-.043,.8594,.5094,0,.1066,.5109,-.853,0,-1.685,103.5435,-13.4849,1)},
        {frame: 137, value: _M(.9934,-.0176,.1136,0,-.043,.8594,.5094,0,.1066,.5109,-.853,0,-1.685,103.5435,-13.1944,1)},
        {frame: 138, value: _M(.9934,-.0176,.1136,0,-.043,.8594,.5094,0,.1066,.5109,-.853,0,-1.685,103.5435,-12.9684,1)},
        {frame: 139, value: _M(.9934,-.0176,.1136,0,-.043,.8594,.5094,0,.1066,.5109,-.853,0,-1.685,103.5435,-12.8073,1)},
        {frame: 140, value: _M(.9934,-.0176,.1136,0,-.043,.8594,.5094,0,.1066,.5109,-.853,0,-1.685,103.5435,-12.7112,1)},
        {frame: 141, value: _M(.9934,-.0176,.1136,0,-.043,.8594,.5094,0,.1066,.5109,-.853,0,-1.685,103.5435,-12.6793,1)},
        {frame: 142, value: _M(.9934,-.0176,.1136,0,-.043,.8594,.5094,0,.1066,.5109,-.853,0,-1.685,103.5435,-12.7157,1)},
        {frame: 143, value: _M(.9934,-.0176,.1136,0,-.043,.8594,.5094,0,.1066,.5109,-.853,0,-1.685,103.5435,-12.8257,1)},
        {frame: 144, value: _M(.9934,-.0176,.1136,0,-.043,.8594,.5094,0,.1066,.5109,-.853,0,-1.685,103.5435,-13.0098,1)},
        {frame: 145, value: _M(.9934,-.0176,.1136,0,-.043,.8594,.5094,0,.1066,.5109,-.853,0,-1.685,103.5435,-13.2681,1)},
        {frame: 146, value: _M(.9934,-.0176,.1136,0,-.043,.8594,.5094,0,.1066,.5109,-.853,0,-1.685,103.5435,-13.5999,1)},
        {frame: 147, value: _M(.9934,-.0176,.1136,0,-.043,.8594,.5094,0,.1066,.5109,-.853,0,-1.685,103.5435,-14.0035,1)},
        {frame: 148, value: _M(.9934,-.0176,.1136,0,-.043,.8594,.5094,0,.1066,.5109,-.853,0,-1.685,103.5435,-14.4764,1)},
        {frame: 149, value: _M(.9934,-.0176,.1136,0,-.043,.8594,.5094,0,.1066,.5109,-.853,0,-1.685,103.5435,-15.0147,1)},
        {frame: 150, value: _M(.9934,-.0176,.1136,0,-.043,.8594,.5094,0,.1066,.5109,-.853,0,-1.685,103.5435,-15.6135,1)},
        {frame: 151, value: _M(.9934,-.0176,.1136,0,-.043,.8594,.5094,0,.1066,.5109,-.853,0,-1.685,103.5435,-16.2663,1)},
        {frame: 152, value: _M(.9934,-.0176,.1136,0,-.043,.8594,.5094,0,.1066,.5109,-.853,0,-1.685,103.5435,-16.9656,1)},
        {frame: 153, value: _M(.9934,-.0176,.1136,0,-.043,.8594,.5094,0,.1066,.5109,-.853,0,-1.685,103.5435,-17.7024,1)},
        {frame: 154, value: _M(.9934,-.0176,.1136,0,-.043,.8594,.5094,0,.1066,.5109,-.853,0,-1.685,103.5435,-18.467,1)},
        {frame: 155, value: _M(.9934,-.0176,.1136,0,-.043,.8594,.5094,0,.1066,.5109,-.853,0,-1.685,103.5435,-19.2486,1)},
        {frame: 156, value: _M(.9934,-.0176,.1136,0,-.043,.8594,.5094,0,.1066,.5109,-.853,0,-1.685,103.5435,-20.0358,1)},
        {frame: 157, value: _M(.9934,-.0176,.1136,0,-.043,.8594,.5094,0,.1066,.5109,-.853,0,-1.685,103.5435,-20.8174,1)},
        {frame: 158, value: _M(.9934,-.0176,.1136,0,-.043,.8594,.5094,0,.1066,.5109,-.853,0,-1.685,103.5435,-21.5819,1)},
        {frame: 159, value: _M(.9934,-.0176,.1136,0,-.043,.8594,.5094,0,.1066,.5109,-.853,0,-1.685,103.5435,-22.3188,1)},
        {frame: 160, value: _M(.9934,-.0176,.1136,0,-.043,.8594,.5094,0,.1066,.5109,-.853,0,-1.685,103.5435,-23.0181,1)},
        {frame: 161, value: _M(.9934,-.0176,.1136,0,-.043,.8594,.5094,0,.1066,.5109,-.853,0,-1.685,103.5435,-23.6709,1)},
        {frame: 162, value: _M(.9934,-.0176,.1136,0,-.043,.8594,.5094,0,.1066,.5109,-.853,0,-1.685,103.5435,-24.2696,1)},
        {frame: 163, value: _M(.9934,-.0176,.1136,0,-.043,.8594,.5094,0,.1066,.5109,-.853,0,-1.685,103.5435,-24.808,1)},
        {frame: 164, value: _M(.9934,-.0176,.1136,0,-.043,.8594,.5094,0,.1066,.5109,-.853,0,-1.685,103.5435,-25.2808,1)},
        {frame: 165, value: _M(.9934,-.0176,.1136,0,-.043,.8594,.5094,0,.1066,.5109,-.853,0,-1.685,103.5435,-25.6845,1)},
        {frame: 166, value: _M(.9934,-.0176,.1136,0,-.043,.8594,.5094,0,.1066,.5109,-.853,0,-1.685,103.5435,-26.0163,1)},
        {frame: 167, value: _M(.9934,-.0176,.1136,0,-.043,.8594,.5094,0,.1066,.5109,-.853,0,-1.685,103.5435,-26.2746,1)},
        {frame: 168, value: _M(.9934,-.0176,.1136,0,-.043,.8594,.5094,0,.1066,.5109,-.853,0,-1.685,103.5435,-26.4587,1)},
        {frame: 169, value: _M(.9934,-.0176,.1136,0,-.043,.8594,.5094,0,.1066,.5109,-.853,0,-1.685,103.5435,-26.5686,1)},
        {frame: 170, value: _M(.9934,-.0176,.1136,0,-.043,.8594,.5094,0,.1066,.5109,-.853,0,-1.685,103.5435,-26.6051,1)},
        {frame: 180, value: _M(.9934,-.0176,.1136,0,-.043,.8594,.5094,0,.1066,.5109,-.853,0,-1.685,103.5435,-26.6051,1)},
        {frame: 181, value: _M(.9934,-.0176,.1136,0,-.043,.8594,.5094,0,.1066,.5109,-.853,0,-1.685,103.5435,-26.5732,1)},
        {frame: 182, value: _M(.9934,-.0176,.1136,0,-.043,.8594,.5094,0,.1066,.5109,-.853,0,-1.685,103.5435,-26.477,1)},
        {frame: 183, value: _M(.9934,-.0176,.1136,0,-.043,.8594,.5094,0,.1066,.5109,-.853,0,-1.685,103.5435,-26.316,1)},
        {frame: 184, value: _M(.9934,-.0176,.1136,0,-.043,.8594,.5094,0,.1066,.5109,-.853,0,-1.685,103.5435,-26.09,1)},
        {frame: 185, value: _M(.9934,-.0176,.1136,0,-.043,.8594,.5094,0,.1066,.5109,-.853,0,-1.685,103.5435,-25.7995,1)},
        {frame: 186, value: _M(.9934,-.0176,.1136,0,-.043,.8594,.5094,0,.1066,.5109,-.853,0,-1.685,103.5435,-25.4455,1)},
        {frame: 187, value: _M(.9934,-.0176,.1136,0,-.043,.8594,.5094,0,.1066,.5109,-.853,0,-1.685,103.5435,-25.0299,1)},
        {frame: 188, value: _M(.9934,-.0176,.1136,0,-.043,.8594,.5094,0,.1066,.5109,-.853,0,-1.685,103.5435,-24.5554,1)},
        {frame: 189, value: _M(.9934,-.0176,.1136,0,-.043,.8594,.5094,0,.1066,.5109,-.853,0,-1.685,103.5435,-24.0256,1)},
        {frame: 190, value: _M(.9934,-.0176,.1136,0,-.043,.8594,.5094,0,.1066,.5109,-.853,0,-1.685,103.5435,-23.4451,1)},
        {frame: 191, value: _M(.9934,-.0176,.1136,0,-.043,.8594,.5094,0,.1066,.5109,-.853,0,-1.685,103.5435,-22.8195,1)},
        {frame: 192, value: _M(.9934,-.0176,.1136,0,-.043,.8594,.5094,0,.1066,.5109,-.853,0,-1.685,103.5435,-22.1554,1)},
        {frame: 193, value: _M(.9934,-.0176,.1136,0,-.043,.8594,.5094,0,.1066,.5109,-.853,0,-1.685,103.5435,-21.4602,1)},
        {frame: 194, value: _M(.9934,-.0176,.1136,0,-.043,.8594,.5094,0,.1066,.5109,-.853,0,-1.685,103.5435,-20.7423,1)},
        {frame: 195, value: _M(.9934,-.0176,.1136,0,-.043,.8594,.5094,0,.1066,.5109,-.853,0,-1.685,103.5435,-20.0105,1)},
        {frame: 196, value: _M(.9934,-.0176,.1136,0,-.043,.8594,.5094,0,.1066,.5109,-.853,0,-1.685,103.5435,-19.2739,1)},
        {frame: 197, value: _M(.9934,-.0176,.1136,0,-.043,.8594,.5094,0,.1066,.5109,-.853,0,-1.685,103.5435,-18.5421,1)},
        {frame: 198, value: _M(.9934,-.0176,.1136,0,-.043,.8594,.5094,0,.1066,.5109,-.853,0,-1.685,103.5435,-17.8242,1)},
        {frame: 199, value: _M(.9934,-.0176,.1136,0,-.043,.8594,.5094,0,.1066,.5109,-.853,0,-1.685,103.5435,-17.129,1)},
        {frame: 200, value: _M(.9934,-.0176,.1136,0,-.043,.8594,.5094,0,.1066,.5109,-.853,0,-1.685,103.5435,-16.4649,1)},
        {frame: 201, value: _M(.9934,-.0176,.1136,0,-.043,.8594,.5094,0,.1066,.5109,-.853,0,-1.685,103.5435,-15.8393,1)},
        {frame: 202, value: _M(.9934,-.0176,.1136,0,-.043,.8594,.5094,0,.1066,.5109,-.853,0,-1.685,103.5435,-15.2588,1)},
        {frame: 203, value: _M(.9934,-.0176,.1136,0,-.043,.8594,.5094,0,.1066,.5109,-.853,0,-1.685,103.5435,-14.729,1)},
        {frame: 204, value: _M(.9934,-.0176,.1136,0,-.043,.8594,.5094,0,.1066,.5109,-.853,0,-1.685,103.5435,-14.2545,1)},
        {frame: 205, value: _M(.9934,-.0176,.1136,0,-.043,.8594,.5094,0,.1066,.5109,-.853,0,-1.685,103.5435,-13.8389,1)}
        ]);
        bone.animations.push(animation);

        bone = new QI.Bone("pelvis", skeleton,skeleton.bones[0], _M(1,0,0,0,0,-.8704,-.4923,0,0,.4923,-.8704,0,0,1.716,.73,1), _M(1,0,0,0,0,-.8704,-.4923,0,0,.4923,-.8704,0,0,1.716,.73,1));
        bone.length = 10.7295;
        animation = new _B.Animation("anim", "_matrix", 24, 3, 1);
        animation.setKeys([
        {frame: 0, value: _M(1,0,0,0,0,-.8704,-.4923,0,0,.4923,-.8704,0,0,1.716,.73,1)},
        {frame: 30, value: _M(1,0,0,0,0,-.8704,-.4923,0,0,.4923,-.8704,0,0,1.716,.73,1)},
        {frame: 40, value: _M(1,0,0,0,0,-.8704,-.4923,0,0,.4923,-.8704,0,0,1.716,.73,1)},
        {frame: 100, value: _M(1,0,0,0,0,-.8704,-.4923,0,0,.4923,-.8704,0,0,1.716,.73,1)},
        {frame: 110, value: _M(1,0,0,0,0,-.8704,-.4923,0,0,.4923,-.8704,0,0,1.716,.73,1)},
        {frame: 170, value: _M(1,0,0,0,0,-.8704,-.4923,0,0,.4923,-.8704,0,0,1.716,.73,1)},
        {frame: 180, value: _M(1,0,0,0,0,-.8704,-.4923,0,0,.4923,-.8704,0,0,1.716,.73,1)},
        {frame: 205, value: _M(1,0,0,0,0,-.8704,-.4923,0,0,.4923,-.8704,0,0,1.716,.73,1)}
        ]);
        bone.animations.push(animation);

        bone = new QI.Bone("lThighBend", skeleton,skeleton.bones[1], _M(-.9467,.1284,-.2953,0,.0297,.948,.3169,0,.3207,.2912,-.9013,0,7.9092,10.7295,0,1), _M(-.9467,.1284,-.2953,0,.0297,.948,.3169,0,.3207,.2912,-.9013,0,7.9092,10.7295,0,1));
        bone.length = 20.9511;
        animation = new _B.Animation("anim", "_matrix", 24, 3, 1);
        animation.setKeys([
        {frame: 0, value: _M(-.9467,.1284,-.2953,0,.0297,.948,.3169,0,.3207,.2912,-.9013,0,7.9092,10.7295,0,1)},
        {frame: 30, value: _M(-.9467,.1284,-.2953,0,.0297,.948,.3169,0,.3207,.2912,-.9013,0,7.9092,10.7295,0,1)},
        {frame: 40, value: _M(-.9467,.1284,-.2953,0,.0297,.948,.3169,0,.3207,.2912,-.9013,0,7.9092,10.7295,0,1)},
        {frame: 41, value: _M(-.9467,.1282,-.2954,0,.0297,.9482,.3164,0,.3207,.2908,-.9014,0,7.9092,10.7295,0,1)},
        {frame: 42, value: _M(-.9467,.1277,-.2956,0,.0296,.9486,.3151,0,.3207,.2896,-.9018,0,7.9092,10.7295,0,1)},
        {frame: 43, value: _M(-.9468,.1268,-.296,0,.0293,.9493,.313,0,.3206,.2876,-.9025,0,7.9092,10.7295,0,1)},
        {frame: 44, value: _M(-.9468,.1255,-.2964,0,.029,.9503,.3099,0,.3206,.2848,-.9034,0,7.9092,10.7295,0,1)},
        {frame: 45, value: _M(-.9468,.1239,-.297,0,.0285,.9516,.306,0,.3205,.2812,-.9045,0,7.9092,10.7295,0,1)},
        {frame: 46, value: _M(-.9468,.1219,-.2977,0,.028,.9532,.3012,0,.3205,.2768,-.9059,0,7.9092,10.7295,0,1)},
        {frame: 47, value: _M(-.9469,.1195,-.2985,0,.0274,.9549,.2955,0,.3204,.2716,-.9075,0,7.9092,10.7295,0,1)},
        {frame: 48, value: _M(-.947,.1168,-.2994,0,.0266,.9569,.289,0,.3203,.2657,-.9093,0,7.9092,10.7295,0,1)},
        {frame: 49, value: _M(-.947,.1138,-.3003,0,.0258,.9591,.2818,0,.3201,.2591,-.9113,0,7.9092,10.7295,0,1)},
        {frame: 50, value: _M(-.9471,.1104,-.3013,0,.025,.9614,.2739,0,.3199,.2519,-.9134,0,7.9092,10.7295,0,1)},
        {frame: 51, value: _M(-.9472,.1068,-.3023,0,.024,.9639,.2653,0,.3197,.244,-.9156,0,7.9092,10.7295,0,1)},
        {frame: 52, value: _M(-.9473,.1029,-.3033,0,.023,.9664,.2562,0,.3195,.2357,-.9178,0,7.9092,10.7295,0,1)},
        {frame: 53, value: _M(-.9474,.0989,-.3043,0,.0219,.9689,.2466,0,.3192,.2269,-.9201,0,7.9092,10.7295,0,1)},
        {frame: 54, value: _M(-.9476,.0947,-.3052,0,.0208,.9714,.2367,0,.3188,.2179,-.9224,0,7.9092,10.7295,0,1)},
        {frame: 55, value: _M(-.9477,.0904,-.306,0,.0197,.9738,.2265,0,.3185,.2086,-.9247,0,7.9092,10.7295,0,1)},
        {frame: 56, value: _M(-.9479,.086,-.3068,0,.0186,.9762,.2163,0,.3181,.1993,-.9269,0,7.9092,10.7295,0,1)},
        {frame: 57, value: _M(-.948,.0817,-.3075,0,.0175,.9784,.2061,0,.3177,.19,-.929,0,7.9092,10.7295,0,1)},
        {frame: 58, value: _M(-.9482,.0774,-.3081,0,.0164,.9804,.1961,0,.3172,.1809,-.9309,0,7.9092,10.7295,0,1)},
        {frame: 59, value: _M(-.9484,.0733,-.3086,0,.0153,.9824,.1864,0,.3168,.1721,-.9328,0,7.9092,10.7295,0,1)},
        {frame: 60, value: _M(-.9485,.0693,-.309,0,.0142,.9841,.1771,0,.3163,.1636,-.9344,0,7.9092,10.7295,0,1)},
        {frame: 61, value: _M(-.9487,.0656,-.3093,0,.0133,.9856,.1683,0,.3159,.1556,-.936,0,7.9092,10.7295,0,1)},
        {frame: 62, value: _M(-.9489,.0621,-.3095,0,.0124,.987,.1602,0,.3154,.1482,-.9373,0,7.9092,10.7295,0,1)},
        {frame: 63, value: _M(-.949,.0589,-.3097,0,.0115,.9882,.1528,0,.315,.1414,-.9385,0,7.9092,10.7295,0,1)},
        {frame: 64, value: _M(-.9492,.0561,-.3098,0,.0108,.9892,.1461,0,.3146,.1353,-.9395,0,7.9092,10.7295,0,1)},
        {frame: 65, value: _M(-.9493,.0536,-.3098,0,.0101,.9901,.1402,0,.3143,.13,-.9404,0,7.9092,10.7295,0,1)},
        {frame: 66, value: _M(-.9494,.0515,-.3099,0,.0096,.9908,.1353,0,.314,.1255,-.9411,0,7.9092,10.7295,0,1)},
        {frame: 67, value: _M(-.9495,.0497,-.3099,0,.0091,.9913,.1312,0,.3137,.1217,-.9417,0,7.9092,10.7295,0,1)},
        {frame: 68, value: _M(-.9495,.0484,-.3099,0,.0087,.9917,.128,0,.3135,.1188,-.9421,0,7.9092,10.7295,0,1)},
        {frame: 69, value: _M(-.9496,.0474,-.3099,0,.0085,.992,.1257,0,.3134,.1168,-.9424,0,7.9092,10.7295,0,1)},
        {frame: 70, value: _M(-.9496,.0468,-.3099,0,.0083,.9922,.1244,0,.3133,.1155,-.9426,0,7.9092,10.7295,0,1)},
        {frame: 71, value: _M(-.9496,.0466,-.3099,0,.0083,.9923,.1239,0,.3133,.1151,-.9427,0,7.9092,10.7295,0,1)},
        {frame: 72, value: _M(-.9496,.0468,-.3099,0,.0083,.9922,.1244,0,.3133,.1156,-.9426,0,7.9092,10.7295,0,1)},
        {frame: 73, value: _M(-.9496,.0475,-.3099,0,.0085,.992,.126,0,.3134,.117,-.9424,0,7.9092,10.7295,0,1)},
        {frame: 74, value: _M(-.9495,.0486,-.3099,0,.0088,.9917,.1286,0,.3136,.1194,-.942,0,7.9092,10.7295,0,1)},
        {frame: 75, value: _M(-.9494,.0502,-.3099,0,.0092,.9912,.1322,0,.3138,.1227,-.9415,0,7.9092,10.7295,0,1)},
        {frame: 76, value: _M(-.9493,.0522,-.3099,0,.0097,.9905,.1369,0,.3141,.1269,-.9409,0,7.9092,10.7295,0,1)},
        {frame: 77, value: _M(-.9492,.0546,-.3098,0,.0104,.9897,.1426,0,.3144,.1321,-.94,0,7.9092,10.7295,0,1)},
        {frame: 78, value: _M(-.9491,.0574,-.3097,0,.0111,.9887,.1492,0,.3148,.1382,-.939,0,7.9092,10.7295,0,1)},
        {frame: 79, value: _M(-.9489,.0607,-.3096,0,.012,.9876,.1568,0,.3152,.1451,-.9379,0,7.9092,10.7295,0,1)},
        {frame: 80, value: _M(-.9488,.0642,-.3094,0,.0129,.9862,.1652,0,.3157,.1527,-.9365,0,7.9092,10.7295,0,1)},
        {frame: 81, value: _M(-.9486,.0682,-.3091,0,.0139,.9846,.1743,0,.3162,.1611,-.9349,0,7.9092,10.7295,0,1)},
        {frame: 82, value: _M(-.9484,.0723,-.3087,0,.015,.9828,.1841,0,.3167,.17,-.9332,0,7.9092,10.7295,0,1)},
        {frame: 83, value: _M(-.9482,.0767,-.3082,0,.0162,.9808,.1944,0,.3172,.1794,-.9313,0,7.9092,10.7295,0,1)},
        {frame: 84, value: _M(-.9481,.0813,-.3075,0,.0173,.9786,.2051,0,.3176,.1891,-.9292,0,7.9092,10.7295,0,1)},
        {frame: 85, value: _M(-.9479,.0859,-.3068,0,.0186,.9762,.2159,0,.3181,.199,-.9269,0,7.9092,10.7295,0,1)},
        {frame: 86, value: _M(-.9477,.0905,-.306,0,.0198,.9737,.2269,0,.3185,.209,-.9246,0,7.9092,10.7295,0,1)},
        {frame: 87, value: _M(-.9476,.0951,-.3051,0,.021,.9711,.2377,0,.3189,.2188,-.9222,0,7.9092,10.7295,0,1)},
        {frame: 88, value: _M(-.9474,.0996,-.3041,0,.0221,.9684,.2483,0,.3192,.2285,-.9197,0,7.9092,10.7295,0,1)},
        {frame: 89, value: _M(-.9473,.1039,-.3031,0,.0232,.9658,.2584,0,.3195,.2377,-.9173,0,7.9092,10.7295,0,1)},
        {frame: 90, value: _M(-.9472,.1079,-.302,0,.0243,.9631,.268,0,.3198,.2465,-.9149,0,7.9092,10.7295,0,1)},
        {frame: 91, value: _M(-.9471,.1117,-.3009,0,.0253,.9605,.277,0,.32,.2547,-.9125,0,7.9092,10.7295,0,1)},
        {frame: 92, value: _M(-.947,.1152,-.2999,0,.0262,.9581,.2851,0,.3202,.2622,-.9104,0,7.9092,10.7295,0,1)},
        {frame: 93, value: _M(-.9469,.1182,-.2989,0,.027,.9559,.2925,0,.3203,.2689,-.9083,0,7.9092,10.7295,0,1)},
        {frame: 94, value: _M(-.9469,.1209,-.298,0,.0277,.9539,.2989,0,.3204,.2748,-.9065,0,7.9092,10.7295,0,1)},
        {frame: 95, value: _M(-.9468,.1232,-.2972,0,.0284,.9521,.3044,0,.3205,.2798,-.905,0,7.9092,10.7295,0,1)},
        {frame: 96, value: _M(-.9468,.1251,-.2966,0,.0289,.9507,.3089,0,.3206,.2839,-.9037,0,7.9092,10.7295,0,1)},
        {frame: 97, value: _M(-.9468,.1266,-.296,0,.0292,.9495,.3124,0,.3206,.2871,-.9026,0,7.9092,10.7295,0,1)},
        {frame: 98, value: _M(-.9467,.1276,-.2957,0,.0295,.9487,.3149,0,.3207,.2894,-.9019,0,7.9092,10.7295,0,1)},
        {frame: 99, value: _M(-.9467,.1282,-.2954,0,.0297,.9482,.3164,0,.3207,.2907,-.9015,0,7.9092,10.7295,0,1)},
        {frame: 100, value: _M(-.9467,.1284,-.2953,0,.0297,.948,.3169,0,.3207,.2912,-.9013,0,7.9092,10.7295,0,1)},
        {frame: 110, value: _M(-.9467,.1284,-.2953,0,.0297,.948,.3169,0,.3207,.2912,-.9013,0,7.9092,10.7295,0,1)},
        {frame: 111, value: _M(-.9467,.1282,-.2954,0,.0297,.9482,.3164,0,.3207,.2908,-.9014,0,7.9092,10.7295,0,1)},
        {frame: 112, value: _M(-.9467,.1277,-.2956,0,.0296,.9486,.3151,0,.3207,.2896,-.9018,0,7.9092,10.7295,0,1)},
        {frame: 113, value: _M(-.9468,.1268,-.296,0,.0293,.9493,.313,0,.3206,.2876,-.9025,0,7.9092,10.7295,0,1)},
        {frame: 114, value: _M(-.9468,.1255,-.2964,0,.029,.9503,.3099,0,.3206,.2848,-.9034,0,7.9092,10.7295,0,1)},
        {frame: 115, value: _M(-.9468,.1239,-.297,0,.0285,.9516,.306,0,.3205,.2812,-.9045,0,7.9092,10.7295,0,1)},
        {frame: 116, value: _M(-.9468,.1219,-.2977,0,.028,.9532,.3012,0,.3205,.2768,-.9059,0,7.9092,10.7295,0,1)},
        {frame: 117, value: _M(-.9469,.1195,-.2985,0,.0274,.9549,.2955,0,.3204,.2716,-.9075,0,7.9092,10.7295,0,1)},
        {frame: 118, value: _M(-.947,.1168,-.2994,0,.0266,.9569,.289,0,.3203,.2657,-.9093,0,7.9092,10.7295,0,1)},
        {frame: 119, value: _M(-.947,.1138,-.3003,0,.0258,.9591,.2818,0,.3201,.2591,-.9113,0,7.9092,10.7295,0,1)},
        {frame: 120, value: _M(-.9471,.1104,-.3013,0,.025,.9614,.2739,0,.3199,.2519,-.9134,0,7.9092,10.7295,0,1)},
        {frame: 121, value: _M(-.9472,.1068,-.3023,0,.024,.9639,.2653,0,.3197,.244,-.9156,0,7.9092,10.7295,0,1)},
        {frame: 122, value: _M(-.9473,.1029,-.3033,0,.023,.9664,.2562,0,.3195,.2357,-.9178,0,7.9092,10.7295,0,1)},
        {frame: 123, value: _M(-.9474,.0989,-.3043,0,.0219,.9689,.2466,0,.3192,.2269,-.9201,0,7.9092,10.7295,0,1)},
