// File generated with Tower of Babel version: 5.3-beta on 08/16/18
var __extends = this.__extends || function (d, b) {
    for (var p in b) if (b.hasOwnProperty(p)) d[p] = b[p];
    function __() { this.constructor = d; }
    d.prototype = b === null ? Object.create(b) : (__.prototype = b.prototype, new __());
};
var cloth_anim_min2;
(function (cloth_anim_min2) {
    var _B = BABYLON;
    var _M = _B.Matrix.FromValues;
    var _Q = _B.Quaternion;
    var _V = _B.Vector3;
    function CONTIG(array, offset, begin, end) {
        for(var i = 0, len = 1 + end - begin; i < len; i++) {
            array[offset + i] = begin + i;
        }
    }
    function REPEAT(array, offset, nRepeats, val) {
        for(var i = 0; i < nRepeats; i++) {
            array[offset + i] = val;
        }
    }
    function UNPACK(compressed) {
        var len = compressed.length * 4;
        ret = new Float32Array(compressed.length * 4);
        for(var i = 0, j = 0; i < len; i += 4, j++) {
            ret[i    ] =  compressed[j] & 0x000000FF;
            ret[i + 1] = (compressed[j] & 0x0000FF00) >> 8;
            ret[i + 2] = (compressed[j] & 0x00FF0000) >> 16;
            ret[i + 3] =  compressed[j] >> 24;
        }
        return ret;
    }
    var _sceneTransitionName;
    var _overriddenMillis;
    var _overriddenSound;
    var _options;

    function initScene(scene, resourcesRootDir, positionOffset, sceneTransitionName, overriddenMillis, overriddenSound, options) {
        if (!resourcesRootDir) { resourcesRootDir = "./"; }
        function MOVE(mesh, positionOffset) {
            mesh.position.addInPlace(positionOffset);
            if (mesh.isWorldMatrixFrozen) mesh.freezeWorldMatrix();
        }

        _sceneTransitionName = sceneTransitionName;
        _overriddenMillis    = overriddenMillis;
        _overriddenSound     = overriddenSound;
        _options             = options;

        scene.autoClear = true;
        scene.clearColor    = new _B.Color3(.0509,.0509,.0509);
        scene.ambientColor  = new _B.Color3(0,0,0);
        scene.gravity = new _V(0,-9.81,0);

        // define materials before meshes
        defineMaterials(scene, resourcesRootDir);

        // instance all root meshes
        var mesh;
        if (typeof (TOWER_OF_BABEL) !== 'undefined'){
            TOWER_OF_BABEL.MeshFactory.MODULES.push(new MeshFactory(scene));
        } else {
            mesh = new FQBasis("FQBasis", scene);
            if (positionOffset) MOVE(mesh, positionOffset);
        }

        if (sceneTransitionName && matLoaded) {
            QI.SceneTransition.perform(sceneTransitionName, waitingMeshes, overriddenMillis, overriddenSound, options);
        }
    }
    cloth_anim_min2.initScene = initScene;
    var meshLib = new Array(1);
    var cloneCount = 1;

    var originalVerts = 0;
    var clonedVerts = 0;
    var MeshFactory = (function () {
        function MeshFactory(_scene, materialsRootDir) {
            this._scene = _scene;
            if (!materialsRootDir) { materialsRootDir = "./"; }
            defineMaterials(_scene, materialsRootDir); //embedded version check
        }

        MeshFactory.prototype.getModuleName = function () { return "cloth_anim_min2";};

        MeshFactory.prototype.instance = function (meshName, cloneSkeleton) {
            var ret = null;
            var src;
            switch (meshName){
                case "FQBasis":
                    src = getViable(0);
                    if (src === null){
                        ret = new FQBasis("FQBasis", this._scene);
                        originalVerts += ret.getTotalVertices();
                        meshLib[0].push(ret);
                    }else{
                        ret = new FQBasis("FQBasis" + "_" + cloneCount++, this._scene, null, src);
                        clonedVerts += ret.getTotalVertices();
                    }
                    break;
            }
            if (ret !== null){
                if (cloneSkeleton && src && src.skeleton){
                    var skelName = src.skeleton.name + cloneCount;
                    ret.skeleton = src.skeleton.clone(skelName, skelName);
                }
            }
            else _B.Tools.Error("Mesh not found: " + meshName);
            return ret;
        };
        return MeshFactory;
    })();
    cloth_anim_min2.MeshFactory = MeshFactory;
    function getViable(libIdx, isNode) {
        var meshes = meshLib[libIdx];
        if (!meshes || meshes === null){
            if (!meshes) meshLib[libIdx] = new Array();
            return null;
        }

        for (var i = meshes.length - 1; i >= 0; i--){
            if (meshes[i].geometry || isNode) return meshes[i];
        }
        return null;
    }

    function clean(libIdx) {
        var meshes = meshLib[libIdx];
        if (!meshes  || meshes === null) return;

        var stillViable = false;
        for (var i = meshes.length - 1; i >= 0; i--){
            if (!meshes[i].geometry) meshes[i] = null;
            else stillViable = true;
        }
        if (!stillViable) meshLib[libIdx] = null;
    }

    function getStats() { return [cloneCount, originalVerts, clonedVerts]; }
    cloth_anim_min2.getStats = getStats;


    var waitingMeshes = [];
    var pendingTextures = 0;
    var texLoadStart = 0;
    function onTexturesLoaded(){
        if (--pendingTextures > 0) return;
        _B.Tools.Log("Texture Load delay:  " + ((_B.Tools.Now - texLoadStart) / 1000).toFixed(2) + " secs");
        if (_sceneTransitionName) QI.SceneTransition.perform(_sceneTransitionName, waitingMeshes, _overriddenMillis, _overriddenSound, _options);
        else {
            for (var i = 0, len = waitingMeshes.length; i < len; i++) {
                if (!waitingMeshes[i].initComplete) continue;
                if (typeof waitingMeshes[i].grandEntrance == "function") waitingMeshes[i].grandEntrance();
                else makeVisible(waitingMeshes[i]);
            }
        }
        waitingMeshes = [];
        _sceneTransitionName = null;
        matLoaded = true;
    }

    // QI.Mesh has similar method, using this to not require QI
    function makeVisible(mesh){
        var children = mesh.getChildMeshes();
        mesh.isVisible = true;
        for (var i = 0, len = children.length; i < len; i++) {
            children[i].isVisible = true;
        }
    }

    var aheadQueued = false;
    function matReadAhead(materialsRootDir) {
        if (aheadQueued) return;
        var txBuffer;
        var fName;

        aheadQueued = true;
    }
    cloth_anim_min2.matReadAhead = matReadAhead;

    var matLoaded = false;
    function defineMaterials(scene, materialsRootDir) {
        if (!materialsRootDir) { materialsRootDir = "./"; }
        if (materialsRootDir.lastIndexOf("/") + 1  !== materialsRootDir.length) { materialsRootDir  += "/"; }
        if (typeof(QI) !== "undefined") QI.TimelineControl.initialize(scene);
        if (typeof(TOWER_OF_BABEL) !== "undefined") TOWER_OF_BABEL.Preloader.SCENE = scene;
        var loadStart = _B.Tools.Now;
        matReadAhead(materialsRootDir);
        var material;
        var texture;
        var txBuffer;

        material = scene.getMaterialByID("cloth_anim_min2.Material3927");
        if (!material){
            material = new _B.StandardMaterial("cloth_anim_min2.Material3927", scene);
            material.ambientColor  = new _B.Color3(.2571,.2571,.2571);
            material.diffuseColor  = new _B.Color3(1,1,1);
            material.emissiveColor = new _B.Color3(0,0,0);
            material.specularColor = new _B.Color3(.075,.075,.075);
            material.specularPower = 15;
            material.alpha =  1;
            material.backFaceCulling = true;
            material.checkReadyOnlyOnce = false;
            material.maxSimultaneousLights = 4;
        } else material.markDirty();

        material = scene.getMaterialByID("cloth_anim_min2.Material3891");
        if (!material){
            material = new _B.StandardMaterial("cloth_anim_min2.Material3891", scene);
            material.ambientColor  = new _B.Color3(.2571,.2571,.2571);
            material.diffuseColor  = new _B.Color3(1,1,1);
            material.emissiveColor = new _B.Color3(0,0,0);
            material.specularColor = new _B.Color3(.075,.075,.075);
            material.specularPower = 15;
            material.alpha =  1;
            material.backFaceCulling = true;
            material.checkReadyOnlyOnce = false;
            material.maxSimultaneousLights = 4;
        } else material.markDirty();

        material = scene.getMaterialByID("cloth_anim_min2.Material3895");
        if (!material){
            material = new _B.StandardMaterial("cloth_anim_min2.Material3895", scene);
            material.ambientColor  = new _B.Color3(.2571,.2571,.2571);
            material.diffuseColor  = new _B.Color3(1,1,1);
            material.emissiveColor = new _B.Color3(0,0,0);
            material.specularColor = new _B.Color3(.075,.075,.075);
            material.specularPower = 15;
            material.alpha =  1;
            material.backFaceCulling = true;
            material.checkReadyOnlyOnce = false;
            material.maxSimultaneousLights = 4;
        } else material.markDirty();

        material = scene.getMaterialByID("cloth_anim_min2.Material3903");
        if (!material){
            material = new _B.StandardMaterial("cloth_anim_min2.Material3903", scene);
            material.ambientColor  = new _B.Color3(.2571,.2571,.2571);
            material.diffuseColor  = new _B.Color3(1,1,1);
            material.emissiveColor = new _B.Color3(0,0,0);
            material.specularColor = new _B.Color3(.075,.075,.075);
            material.specularPower = 15;
            material.alpha =  1;
            material.backFaceCulling = true;
            material.checkReadyOnlyOnce = false;
            material.maxSimultaneousLights = 4;
        } else material.markDirty();

        material = scene.getMaterialByID("cloth_anim_min2.Material3915");
        if (!material){
            material = new _B.StandardMaterial("cloth_anim_min2.Material3915", scene);
            material.ambientColor  = new _B.Color3(.2571,.2571,.2571);
            material.diffuseColor  = new _B.Color3(1,1,1);
            material.emissiveColor = new _B.Color3(0,0,0);
            material.specularColor = new _B.Color3(.075,.075,.075);
            material.specularPower = 15;
            material.alpha =  1;
            material.backFaceCulling = true;
            material.checkReadyOnlyOnce = false;
            material.maxSimultaneousLights = 4;
        } else material.markDirty();

        material = scene.getMaterialByID("cloth_anim_min2.Material3899");
        if (!material){
            material = new _B.StandardMaterial("cloth_anim_min2.Material3899", scene);
            material.ambientColor  = new _B.Color3(.2571,.2571,.2571);
            material.diffuseColor  = new _B.Color3(1,1,1);
            material.emissiveColor = new _B.Color3(0,0,0);
            material.specularColor = new _B.Color3(.075,.075,.075);
            material.specularPower = 15;
            material.alpha =  1;
            material.backFaceCulling = true;
            material.checkReadyOnlyOnce = false;
            material.maxSimultaneousLights = 4;
        } else material.markDirty();

        material = scene.getMaterialByID("cloth_anim_min2.Material3907");
        if (!material){
            material = new _B.StandardMaterial("cloth_anim_min2.Material3907", scene);
            material.ambientColor  = new _B.Color3(.2571,.2571,.2571);
            material.diffuseColor  = new _B.Color3(1,1,1);
            material.emissiveColor = new _B.Color3(0,0,0);
            material.specularColor = new _B.Color3(.075,.075,.075);
            material.specularPower = 15;
            material.alpha =  1;
            material.backFaceCulling = true;
            material.checkReadyOnlyOnce = false;
            material.maxSimultaneousLights = 4;
        } else material.markDirty();
        var multiMaterial;
        multiMaterial = new _B.MultiMaterial("cloth_anim_min2.Multimaterial#0", scene);
        multiMaterial.subMaterials.push(scene.getMaterialByID("cloth_anim_min2.Material3927"));
        multiMaterial.subMaterials.push(scene.getMaterialByID("cloth_anim_min2.Material3891"));
        multiMaterial.subMaterials.push(scene.getMaterialByID("cloth_anim_min2.Material3895"));
        multiMaterial.subMaterials.push(scene.getMaterialByID("cloth_anim_min2.Material3903"));
        multiMaterial.subMaterials.push(scene.getMaterialByID("cloth_anim_min2.Material3915"));
        multiMaterial.subMaterials.push(scene.getMaterialByID("cloth_anim_min2.Material3899"));
        multiMaterial.subMaterials.push(scene.getMaterialByID("cloth_anim_min2.Material3907"));

        matLoaded = pendingTextures === 0;
        if (!matLoaded) texLoadStart = _B.Tools.Now;
        _B.Tools.Log("cloth_anim_min2.defineMaterials completed:  " + ((_B.Tools.Now - loadStart) / 1000).toFixed(2) + " secs");
    }
    cloth_anim_min2.defineMaterials = defineMaterials;

    function skel_QA_152(name, scene){
        _B.Tools.Log('defining skeleton:  152QA');
        var bone;
        var animation;

        var skeleton = new QI.Skeleton(name, "0", scene);
        skeleton.dimensionsAtRest = new _V(28.5351,60.1342,14.6127);
        bone = new QI.Bone("hip", skeleton,null, _M(.9968,-.0264,.0759,0,-.0162,.8593,.5113,0,.0787,.5108,-.8561,0,.1812,89.1348,.1949,1), _M(.9968,-.0264,.0759,0,-.0162,.8593,.5113,0,.0787,.5108,-.8561,0,.1812,89.1348,.1949,1));
        bone.length = 1.6927;
        animation = new _B.Animation("anim", "_matrix", 24, 3, 1);
        animation.setKeys([
        {frame: 1, value: _M(.9968,-.0264,.0759,0,-.0162,.8593,.5113,0,.0787,.5108,-.8561,0,.1812,89.1348,.1949,1)},
        {frame: 80, value: _M(.9968,-.0264,.0759,0,-.0162,.8593,.5113,0,.0787,.5108,-.8561,0,.1812,89.1348,.1949,1)}
        ]);
        bone.animations.push(animation);

        bone = new QI.Bone("pelvis", skeleton,skeleton.bones[0], _M(1,0,0,0,0,-.8704,-.4923,0,0,.4923,-.8704,0,0,1.4882,.6331,1), _M(1,0,0,0,0,-.8704,-.4923,0,0,.4923,-.8704,0,0,1.4882,.6331,1));
        bone.length = 9.3053;
        animation = new _B.Animation("anim", "_matrix", 24, 3, 1);
        animation.setKeys([
        {frame: 1, value: _M(1,0,0,0,0,-.8704,-.4923,0,0,.4923,-.8704,0,0,1.4882,.6331,1)},
        {frame: 80, value: _M(1,0,0,0,0,-.8704,-.4923,0,0,.4923,-.8704,0,0,1.4882,.6331,1)}
        ]);
        bone.animations.push(animation);

        bone = new QI.Bone("abdomenLower", skeleton,skeleton.bones[0], _M(.9988,.0085,.0481,0,-.0342,.8259,.5628,0,-.0349,-.5637,.8252,0,0,1.8972,-.6331,1), _M(.9988,.0085,.0481,0,-.0342,.8259,.5628,0,-.0349,-.5637,.8252,0,0,1.8972,-.6331,1));
        bone.length = 7.1436;
        animation = new _B.Animation("anim", "_matrix", 24, 3, 1);
        animation.setKeys([
        {frame: 1, value: _M(.9988,.0085,.0481,0,-.0342,.8259,.5628,0,-.0349,-.5637,.8252,0,0,1.8972,-.6331,1)},
        {frame: 80, value: _M(.9988,.0085,.0481,0,-.0342,.8259,.5628,0,-.0349,-.5637,.8252,0,0,1.8972,-.6331,1)}
        ]);
        bone.animations.push(animation);

        bone = new QI.Bone("abdomenUpper", skeleton,skeleton.bones[2], _M(.9993,-.0052,.0361,0,.0103,.9895,-.1439,0,-.035,.1442,.9889,0,0,7.1436,0,1), _M(.9993,-.0052,.0361,0,.0103,.9895,-.1439,0,-.035,.1442,.9889,0,0,7.1436,0,1));
        bone.length = 6.8646;
        animation = new _B.Animation("anim", "_matrix", 24, 3, 1);
        animation.setKeys([
        {frame: 1, value: _M(.9993,-.0052,.0361,0,.0103,.9895,-.1439,0,-.035,.1442,.9889,0,0,7.1436,0,1)},
        {frame: 80, value: _M(.9993,-.0052,.0361,0,.0103,.9895,-.1439,0,-.035,.1442,.9889,0,0,7.1436,0,1)}
        ]);
        bone.animations.push(animation);

        bone = new QI.Bone("chestLower", skeleton,skeleton.bones[3], _M(.9993,-.0118,.0346,0,.026,.8939,-.4475,0,-.0257,.4481,.8936,0,0,6.8646,0,1), _M(.9993,-.0118,.0346,0,.026,.8939,-.4475,0,-.0257,.4481,.8936,0,0,6.8646,0,1));
        bone.length = 10.6639;
        animation = new _B.Animation("anim", "_matrix", 24, 3, 1);
        animation.setKeys([
        {frame: 1, value: _M(.9993,-.0118,.0346,0,.026,.8939,-.4475,0,-.0257,.4481,.8936,0,0,6.8646,0,1)},
        {frame: 80, value: _M(.9993,-.0118,.0346,0,.026,.8939,-.4475,0,-.0257,.4481,.8936,0,0,6.8646,0,1)}
        ]);
        bone.animations.push(animation);

        bone = new QI.Bone("chestUpper", skeleton,skeleton.bones[4], _M(.9993,-.0272,.0247,0,.0121,.8783,.4779,0,-.0347,-.4773,.8781,0,.0004,11.2559,3.4293,1), _M(.9993,-.0272,.0247,0,.0121,.8783,.4779,0,-.0347,-.4773,.8781,0,.0004,11.2559,3.4293,1));
        bone.length = 11.6524;
        animation = new _B.Animation("anim", "_matrix", 24, 3, 1);
        animation.setKeys([
        {frame: 1, value: _M(.9993,-.0272,.0247,0,.0121,.8783,.4779,0,-.0347,-.4773,.8781,0,.0004,11.2559,3.4293,1)},
        {frame: 80, value: _M(.9993,-.0272,.0247,0,.0121,.8783,.4779,0,-.0347,-.4773,.8781,0,.0004,11.2559,3.4293,1)}
        ]);
        bone.animations.push(animation);

        bone = new QI.Bone("lCollar", skeleton,skeleton.bones[5], _M(-.236,-.9713,-.0308,0,.9547,-.2258,-.1938,0,.1812,-.0752,.9806,0,3.0052,9.5419,-.289,1), _M(-.236,-.9713,-.0308,0,.9547,-.2258,-.1938,0,.1812,-.0752,.9806,0,3.0052,9.542,-.289,1));
        bone.length = 10.447;
        animation = new _B.Animation("anim", "_matrix", 24, 3, 1);
        animation.setKeys([
        {frame: 1, value: _M(-.236,-.9713,-.0308,0,.9547,-.2258,-.1938,0,.1812,-.0752,.9806,0,3.0052,9.5419,-.289,1)},
        {frame: 80, value: _M(-.236,-.9713,-.0308,0,.9547,-.2258,-.1938,0,.1812,-.0752,.9806,0,3.0052,9.5419,-.289,1)}
        ]);
        bone.animations.push(animation);

        bone = new QI.Bone("lShldrBend", skeleton,skeleton.bones[6], _M(.3796,-.9128,-.1505,0,.9138,.3446,.2151,0,-.1445,-.2192,.9649,0,0,10.447,0,1), _M(.3796,-.9128,-.1505,0,.9138,.3446,.2151,0,-.1445,-.2192,.9649,0,0,10.447,0,1));
        bone.length = 10.1072;
        animation = new _B.Animation("anim", "_matrix", 24, 3, 1);
        animation.setKeys([
        {frame: 1, value: _M(.3796,-.9128,-.1505,0,.9138,.3446,.2151,0,-.1445,-.2192,.9649,0,0,10.447,0,1)},
        {frame: 2, value: _M(.3797,-.9128,-.1502,0,.9133,.3441,.2177,0,-.1471,-.2199,.9644,0,0,10.447,0,1)},
        {frame: 3, value: _M(.3798,-.9129,-.1492,0,.912,.3426,.2256,0,-.1549,-.2218,.9627,0,0,10.447,0,1)},
        {frame: 4, value: _M(.3801,-.9131,-.1476,0,.9096,.34,.2388,0,-.1679,-.225,.9598,0,0,10.447,0,1)},
        {frame: 5, value: _M(.3805,-.9133,-.1453,0,.9059,.3365,.2572,0,-.186,-.2294,.9554,0,0,10.447,0,1)},
        {frame: 6, value: _M(.3809,-.9136,-.1423,0,.9007,.3319,.2802,0,-.2088,-.2349,.9493,0,0,10.447,0,1)},
        {frame: 7, value: _M(.3814,-.9139,-.1387,0,.8938,.3263,.3076,0,-.2358,-.2413,.9414,0,0,10.447,0,1)},
        {frame: 8, value: _M(.3819,-.9143,-.1346,0,.885,.3199,.3383,0,-.2663,-.2483,.9314,0,0,10.447,0,1)},
        {frame: 9, value: _M(.3825,-.9148,-.1299,0,.8742,.3128,.3715,0,-.2992,-.2557,.9193,0,0,10.447,0,1)},
        {frame: 10, value: _M(.383,-.9152,-.125,0,.8615,.3051,.4059,0,-.3334,-.2631,.9053,0,0,10.447,0,1)},
        {frame: 11, value: _M(.3835,-.9157,-.1198,0,.8472,.2972,.4404,0,-.3676,-.2704,.8898,0,0,10.447,0,1)},
        {frame: 12, value: _M(.3839,-.9162,-.1147,0,.8318,.2893,.4737,0,-.4008,-.2772,.8732,0,0,10.447,0,1)},
        {frame: 13, value: _M(.3842,-.9167,-.1097,0,.8161,.2817,.5047,0,-.4317,-.2834,.8563,0,0,10.447,0,1)},
        {frame: 14, value: _M(.3845,-.9171,-.105,0,.8006,.2747,.5325,0,-.4596,-.2888,.8399,0,0,10.447,0,1)},
        {frame: 15, value: _M(.3847,-.9175,-.1009,0,.7862,.2684,.5566,0,-.4836,-.2934,.8246,0,0,10.447,0,1)},
        {frame: 16, value: _M(.3848,-.9179,-.0974,0,.7736,.2631,.5765,0,-.5035,-.2971,.8113,0,0,10.447,0,1)},
        {frame: 17, value: _M(.3848,-.9181,-.0946,0,.7633,.2589,.5919,0,-.519,-.3,.8004,0,0,10.447,0,1)},
        {frame: 18, value: _M(.3849,-.9183,-.0926,0,.7557,.2559,.6029,0,-.5299,-.302,.7924,0,0,10.447,0,1)},
        {frame: 19, value: _M(.3849,-.9184,-.0914,0,.7511,.2541,.6094,0,-.5365,-.3031,.7876,0,0,10.447,0,1)},
        {frame: 20, value: _M(.3849,-.9185,-.091,0,.7495,.2535,.6115,0,-.5386,-.3035,.786,0,0,10.447,0,1)},
        {frame: 21, value: _M(.3849,-.9185,-.0912,0,.7504,.2539,.6103,0,-.5374,-.3033,.7869,0,0,10.447,0,1)},
        {frame: 22, value: _M(.3849,-.9184,-.0918,0,.753,.255,.6065,0,-.5336,-.3026,.7897,0,0,10.447,0,1)},
        {frame: 23, value: _M(.385,-.9182,-.0929,0,.7575,.2569,.6002,0,-.5272,-.3014,.7945,0,0,10.447,0,1)},
        {frame: 24, value: _M(.3851,-.9181,-.0944,0,.7638,.2596,.591,0,-.5181,-.2997,.8011,0,0,10.447,0,1)},
        {frame: 25, value: _M(.3851,-.9178,-.0964,0,.7717,.263,.579,0,-.5061,-.2974,.8096,0,0,10.447,0,1)},
        {frame: 26, value: _M(.3852,-.9175,-.0988,0,.7812,.2672,.5642,0,-.4912,-.2945,.8197,0,0,10.447,0,1)},
        {frame: 27, value: _M(.3853,-.9172,-.1017,0,.792,.2721,.5465,0,-.4736,-.2911,.8313,0,0,10.447,0,1)},
        {frame: 28, value: _M(.3853,-.9168,-.1049,0,.8038,.2776,.5261,0,-.4532,-.2871,.8439,0,0,10.447,0,1)},
        {frame: 29, value: _M(.3853,-.9164,-.1085,0,.8162,.2836,.5033,0,-.4305,-.2825,.8573,0,0,10.447,0,1)},
        {frame: 30, value: _M(.3852,-.916,-.1124,0,.8289,.2899,.4784,0,-.4056,-.2774,.8709,0,0,10.447,0,1)},
        {frame: 31, value: _M(.385,-.9155,-.1164,0,.8415,.2964,.4517,0,-.3791,-.2719,.8845,0,0,10.447,0,1)},
        {frame: 32, value: _M(.3847,-.9151,-.1206,0,.8535,.3029,.4239,0,-.3514,-.266,.8976,0,0,10.447,0,1)},
        {frame: 33, value: _M(.3844,-.9147,-.1249,0,.8648,.3094,.3954,0,-.323,-.2599,.91,0,0,10.447,0,1)},
        {frame: 34, value: _M(.3839,-.9143,-.129,0,.8751,.3157,.3668,0,-.2946,-.2537,.9213,0,0,10.447,0,1)},
        {frame: 35, value: _M(.3834,-.914,-.1331,0,.8843,.3216,.3385,0,-.2665,-.2475,.9315,0,0,10.447,0,1)},
        {frame: 36, value: _M(.3827,-.9136,-.137,0,.8923,.3272,.311,0,-.2393,-.2413,.9405,0,0,10.447,0,1)},
        {frame: 37, value: _M(.382,-.9134,-.1407,0,.8992,.3322,.2847,0,-.2133,-.2353,.9482,0,0,10.447,0,1)},
        {frame: 38, value: _M(.3813,-.9131,-.1442,0,.905,.3369,.2598,0,-.1886,-.2296,.9548,0,0,10.447,0,1)},
        {frame: 39, value: _M(.3805,-.9129,-.1475,0,.9098,.341,.2366,0,-.1657,-.2242,.9604,0,0,10.447,0,1)},
        {frame: 40, value: _M(.3796,-.9128,-.1505,0,.9138,.3446,.2151,0,-.1445,-.2192,.9649,0,0,10.447,0,1)},
        {frame: 41, value: _M(.3787,-.9127,-.1535,0,.9173,.348,.1938,0,-.1234,-.2142,.969,0,0,10.447,0,1)},
        {frame: 42, value: _M(.3775,-.9126,-.1568,0,.9205,.3514,.1708,0,-.1008,-.2088,.9727,0,0,10.447,0,1)},
        {frame: 43, value: _M(.3762,-.9126,-.1602,0,.9233,.355,.1464,0,-.0768,-.203,.9762,0,0,10.447,0,1)},
        {frame: 44, value: _M(.3747,-.9126,-.1637,0,.9257,.3585,.1206,0,-.0514,-.1968,.9791,0,0,10.447,0,1)},
        {frame: 45, value: _M(.3731,-.9126,-.1674,0,.9275,.362,.0937,0,-.025,-.1902,.9814,0,0,10.447,0,1)},
        {frame: 46, value: _M(.3713,-.9126,-.171,0,.9285,.3654,.066,0,.0022,-.1833,.9831,0,0,10.447,0,1)},
        {frame: 47, value: _M(.3694,-.9127,-.1746,0,.9288,.3687,.0379,0,.0298,-.1762,.9839,0,0,10.447,0,1)},
        {frame: 48, value: _M(.3675,-.9128,-.1781,0,.9283,.3718,.0097,0,.0574,-.1689,.984,0,0,10.447,0,1)},
        {frame: 49, value: _M(.3656,-.9129,-.1815,0,.927,.3747,-.018,0,.0844,-.1616,.9832,0,0,10.447,0,1)},
        {frame: 50, value: _M(.3636,-.9131,-.1846,0,.925,.3774,-.0447,0,.1105,-.1545,.9818,0,0,10.447,0,1)},
        {frame: 51, value: _M(.3618,-.9132,-.1874,0,.9224,.3798,-.0699,0,.135,-.1475,.9798,0,0,10.447,0,1)},
        {frame: 52, value: _M(.3601,-.9134,-.1899,0,.9195,.3819,-.0931,0,.1575,-.1411,.9774,0,0,10.447,0,1)},
        {frame: 53, value: _M(.3586,-.9135,-.192,0,.9164,.3837,-.114,0,.1778,-.1351,.9747,0,0,10.447,0,1)},
        {frame: 54, value: _M(.3573,-.9137,-.1939,0,.9133,.3852,-.1322,0,.1955,-.1298,.9721,0,0,10.447,0,1)},
        {frame: 55, value: _M(.3561,-.9138,-.1954,0,.9104,.3864,-.1476,0,.2104,-.1253,.9696,0,0,10.447,0,1)},
        {frame: 56, value: _M(.3552,-.9139,-.1966,0,.9079,.3873,-.1602,0,.2225,-.1216,.9673,0,0,10.447,0,1)},
        {frame: 57, value: _M(.3545,-.914,-.1975,0,.9059,.388,-.1698,0,.2318,-.1187,.9655,0,0,10.447,0,1)},
        {frame: 58, value: _M(.354,-.914,-.1981,0,.9044,.3885,-.1765,0,.2383,-.1167,.9642,0,0,10.447,0,1)},
        {frame: 59, value: _M(.3537,-.9141,-.1985,0,.9035,.3888,-.1804,0,.2421,-.1155,.9634,0,0,10.447,0,1)},
        {frame: 60, value: _M(.3536,-.9141,-.1986,0,.9032,.3888,-.1817,0,.2433,-.1151,.9631,0,0,10.447,0,1)},
        {frame: 61, value: _M(.3537,-.9141,-.1984,0,.9037,.3887,-.1796,0,.2413,-.1158,.9635,0,0,10.447,0,1)},
        {frame: 62, value: _M(.3541,-.914,-.1978,0,.9052,.3881,-.1731,0,.235,-.1178,.9648,0,0,10.447,0,1)},
        {frame: 63, value: _M(.3547,-.914,-.1969,0,.9076,.3872,-.1622,0,.2244,-.1212,.9669,0,0,10.447,0,1)},
        {frame: 64, value: _M(.3557,-.9139,-.1955,0,.9108,.3859,-.1469,0,.2097,-.1258,.9696,0,0,10.447,0,1)},
        {frame: 65, value: _M(.3569,-.9139,-.1937,0,.9145,.3841,-.1274,0,.1909,-.1317,.9727,0,0,10.447,0,1)},
        {frame: 66, value: _M(.3583,-.9138,-.1915,0,.9183,.3819,-.1041,0,.1682,-.1385,.976,0,0,10.447,0,1)},
        {frame: 67, value: _M(.36,-.9136,-.1888,0,.922,.3793,-.0773,0,.1422,-.1462,.979,0,0,10.447,0,1)},
        {frame: 68, value: _M(.362,-.9135,-.1856,0,.9253,.3763,-.0477,0,.1134,-.1545,.9815,0,0,10.447,0,1)},
        {frame: 69, value: _M(.364,-.9134,-.1821,0,.9277,.373,-.0161,0,.0827,-.1631,.9831,0,0,10.447,0,1)},
        {frame: 70, value: _M(.3662,-.9133,-.1783,0,.9291,.3694,.0165,0,.0508,-.1717,.9838,0,0,10.447,0,1)},
        {frame: 71, value: _M(.3684,-.9132,-.1743,0,.9295,.3656,.0491,0,.0189,-.1801,.9835,0,0,10.447,0,1)},
        {frame: 72, value: _M(.3706,-.9131,-.1702,0,.9287,.3619,.0807,0,-.0121,-.188,.9821,0,0,10.447,0,1)},
        {frame: 73, value: _M(.3726,-.913,-.1662,0,.9271,.3582,.1103,0,-.0412,-.1952,.9799,0,0,10.447,0,1)},
        {frame: 74, value: _M(.3744,-.9129,-.1624,0,.9248,.3549,.1372,0,-.0676,-.2015,.9771,0,0,10.447,0,1)},
        {frame: 75, value: _M(.376,-.9129,-.159,0,.9222,.3518,.1606,0,-.0907,-.207,.9741,0,0,10.447,0,1)},
        {frame: 76, value: _M(.3773,-.9129,-.156,0,.9195,.3493,.1801,0,-.11,-.2114,.9712,0,0,10.447,0,1)},
        {frame: 77, value: _M(.3783,-.9128,-.1536,0,.9172,.3472,.1955,0,-.1251,-.2149,.9686,0,0,10.447,0,1)},
        {frame: 78, value: _M(.3791,-.9128,-.1519,0,.9153,.3458,.2064,0,-.1359,-.2173,.9666,0,0,10.447,0,1)},
        {frame: 79, value: _M(.3795,-.9128,-.1509,0,.9142,.3449,.213,0,-.1424,-.2187,.9653,0,0,10.447,0,1)},
        {frame: 80, value: _M(.3796,-.9128,-.1505,0,.9138,.3446,.2151,0,-.1445,-.2192,.9649,0,0,10.447,0,1)}
        ]);
        bone.animations.push(animation);

        bone = new QI.Bone("lShldrTwist", skeleton,skeleton.bones[7], _M(.9586,.006,-.2845,0,-.0157,.9994,-.0319,0,.2842,.035,.9581,0,0,10.1072,0,1), _M(.9586,.006,-.2845,0,-.0157,.9994,-.0319,0,.2842,.035,.9581,0,0,10.1072,0,1));
        bone.length = 12.5337;
        animation = new _B.Animation("anim", "_matrix", 24, 3, 1);
        animation.setKeys([
        {frame: 1, value: _M(.9586,.006,-.2845,0,-.0157,.9994,-.0319,0,.2842,.035,.9581,0,0,10.1072,0,1)},
        {frame: 80, value: _M(.9586,.006,-.2845,0,-.0157,.9994,-.0319,0,.2842,.035,.9581,0,0,10.1072,0,1)}
        ]);
        bone.animations.push(animation);

        bone = new QI.Bone("lForearmBend", skeleton,skeleton.bones[8], _M(.7517,.1988,-.6288,0,-.0546,.969,.2411,0,.6572,-.1469,.7393,0,0,12.5337,0,1), _M(.7517,.1988,-.6288,0,-.0546,.969,.2411,0,.6572,-.1469,.7393,0,0,12.5337,0,1));
        bone.length = 10.5174;
        animation = new _B.Animation("anim", "_matrix", 24, 3, 1);
        animation.setKeys([
        {frame: 1, value: _M(.7517,.1988,-.6288,0,-.0546,.969,.2411,0,.6572,-.1469,.7393,0,0,12.5337,0,1)},
        {frame: 80, value: _M(.7517,.1988,-.6288,0,-.0546,.969,.2411,0,.6572,-.1469,.7393,0,0,12.5337,0,1)}
        ]);
        bone.animations.push(animation);

        bone = new QI.Bone("lForearmTwist", skeleton,skeleton.bones[9], _M(.9853,-.0214,-.1693,0,.0192,.9997,-.0151,0,.1696,.0116,.9854,0,0,10.5174,0,1), _M(.9853,-.0214,-.1693,0,.0192,.9997,-.0151,0,.1696,.0116,.9854,0,0,10.5174,0,1));
        bone.length = 12.3378;
        animation = new _B.Animation("anim", "_matrix", 24, 3, 1);
        animation.setKeys([
        {frame: 1, value: _M(.9853,-.0214,-.1693,0,.0192,.9997,-.0151,0,.1696,.0116,.9854,0,0,10.5174,0,1)},
        {frame: 80, value: _M(.9853,-.0214,-.1693,0,.0192,.9997,-.0151,0,.1696,.0116,.9854,0,0,10.5174,0,1)}
        ]);
        bone.animations.push(animation);

        bone = new QI.Bone("lHand", skeleton,skeleton.bones[10], _M(.8679,.2777,.4118,0,-.2732,.9593,-.0712,0,-.4149,-.0507,.9085,0,0,12.3378,0,1), _M(.8679,.2777,.4118,0,-.2732,.9593,-.0712,0,-.4149,-.0507,.9085,0,0,12.3378,0,1));
        bone.length = .723;
        animation = new _B.Animation("anim", "_matrix", 24, 3, 1);
        animation.setKeys([
        {frame: 1, value: _M(.8679,.2777,.4118,0,-.2732,.9593,-.0712,0,-.4149,-.0507,.9085,0,0,12.3378,0,1)},
        {frame: 80, value: _M(.8679,.2777,.4118,0,-.2732,.9593,-.0712,0,-.4149,-.0507,.9085,0,0,12.3378,0,1)}
        ]);
        bone.animations.push(animation);

        bone = new QI.Bone("neckLower", skeleton,skeleton.bones[5], _M(.9995,.0326,.0015,0,-.0285,.8518,.523,0,.0158,-.5228,.8523,0,0,15.8733,.578,1), _M(.9995,.0326,.0015,0,-.0285,.8518,.523,0,.0158,-.5228,.8523,0,0,15.8733,.578,1));
        bone.length = 3.3227;
        animation = new _B.Animation("anim", "_matrix", 24, 3, 1);
        animation.setKeys([
        {frame: 1, value: _M(.9995,.0326,.0015,0,-.0285,.8518,.523,0,.0158,-.5228,.8523,0,0,15.8733,.578,1)},
        {frame: 80, value: _M(.9995,.0326,.0015,0,-.0285,.8518,.523,0,.0158,-.5228,.8523,0,0,15.8733,.578,1)}
        ]);
        bone.animations.push(animation);

        bone = new QI.Bone("neckUpper", skeleton,skeleton.bones[12], _M(1,0,0,0,0,.8723,-.4889,0,0,.4889,.8723,0,0,3.3227,0,1), _M(1,0,0,0,0,.8723,-.4889,0,0,.4889,.8723,0,0,3.3227,0,1));
        bone.length = 4.2867;
        animation = new _B.Animation("anim", "_matrix", 24, 3, 1);
        animation.setKeys([
        {frame: 1, value: _M(1,0,0,0,0,.8723,-.4889,0,0,.4889,.8723,0,0,3.3227,0,1)},
        {frame: 80, value: _M(1,0,0,0,0,.8723,-.4889,0,0,.4889,.8723,0,0,3.3227,0,1)}
        ]);
        bone.animations.push(animation);

        bone = new QI.Bone("lPectoral", skeleton,skeleton.bones[4], _M(.163,.0425,.9857,0,-.6576,-.7401,.1407,0,.7355,-.6711,-.0927,0,2.5767,10.3678,-1.7144,1), _M(.163,.0425,.9857,0,-.6576,-.7401,.1407,0,.7355,-.6711,-.0927,0,2.5767,10.3678,-1.7144,1));
        bone.length = 13.7813;
        animation = new _B.Animation("anim", "_matrix", 24, 3, 1);
        animation.setKeys([
        {frame: 1, value: _M(.163,.0425,.9857,0,-.6576,-.7401,.1407,0,.7355,-.6711,-.0927,0,2.5767,10.3678,-1.7144,1)},
        {frame: 80, value: _M(.163,.0425,.9857,0,-.6576,-.7401,.1407,0,.7355,-.6711,-.0927,0,2.5767,10.3678,-1.7144,1)}
        ]);
        bone.animations.push(animation);

        bone = new QI.Bone("rPectoral", skeleton,skeleton.bones[4], _M(.3937,.0818,.9156,0,-.4982,-.8181,.2873,0,.7726,-.5692,-.2813,0,-2.5771,10.3679,-1.7149,1), _M(.3937,.0818,.9156,0,-.4982,-.8181,.2873,0,.7726,-.5692,-.2813,0,-2.5771,10.3679,-1.7149,1));
        bone.length = 13.7813;
        animation = new _B.Animation("anim", "_matrix", 24, 3, 1);
        animation.setKeys([
        {frame: 1, value: _M(.3937,.0818,.9156,0,-.4982,-.8181,.2873,0,.7726,-.5692,-.2813,0,-2.5771,10.3679,-1.7149,1)},
        {frame: 80, value: _M(.3937,.0818,.9156,0,-.4982,-.8181,.2873,0,.7726,-.5692,-.2813,0,-2.5771,10.3679,-1.7149,1)}
        ]);
        bone.animations.push(animation);

        skeleton.createAnimationRange("152QAAction.001", 0, 80);
        return skeleton;
    }

    var FQBasis = (function (_super) {
        __extends(FQBasis, _super);
        function FQBasis(name, scene, materialsRootDir, source) {
            _super.call(this, name, scene, null, source, true);

            if (!materialsRootDir) { materialsRootDir = "./"; }
            defineMaterials(scene, materialsRootDir); //embedded version check
            var cloning = source && source !== null;
            var load = _B.Tools.Now;
            var geo = 0;
            var shape = 0;
            this.position.x  = 0;
            this.position.y  = 0;
            this.position.z  = 0;
            this.rotation.x  = 0;
            this.rotation.y  = 0;
            this.rotation.z  = 0;
            this.scaling.x   = 1;
            this.scaling.y   = 1;
            this.scaling.z   = 1;
            this.skeleton = skel_QA_152(name, scene);
            this.numBoneInfluencers = 8;


            this.id = this.name;
            this.billboardMode  = 0;
            this.isVisible  = false; //always false; evaluated again at bottom
            this.setEnabled(true);
            this.checkCollisions = false;
            this.receiveShadows  = false;
            this.castShadows  = false;
            this.initComplete = false;
            if (!cloning){
                geo = _B.Tools.Now;
                this.setVerticesData(_B.VertexBuffer.PositionKind, new Float32Array([
                    20.7854,94.1385,.8273,20.576,94.1465,.7494,20.5701,94.1578,.7664,20.7795,94.1497,.8442,20.7501,94.0651,.9148,20.5406,94.0731,.8369,20.5446,94.0565,.8245,20.754,94.0485,.9024,20.54,94.1142,.8427,20.539,94.0926,.8431,20.7485,94.0849,.921,20.7494,94.1063,.9206,20.7528,94.1258,.9135,20.5434,94.1337,.8356,20.7485,94.0849,.921,20.539,94.0926,.8431,20.7583,94.1414,.9003
                    ,20.5489,94.1493,.8224,20.7651,94.1512,.883,20.5557,94.1592,.8051,20.5631,94.1621,.7856,20.7725,94.1542,.8635,20.7879,94.4915,1.0151,20.8003,94.5063,1.0205,20.8328,94.5029,.9329,20.8194,94.4882,.9299,20.8643,94.4837,.8467,20.8498,94.469,.8462,20.8933,94.4486,.7652,20.878,94.4349,.7671,20.9192,94.3989,.6905,20.9031,94.3868,.6946,20.9413,94.3364,.6248,20.9245,94.3261,.6309
                    ,20.9585,94.2626,.5703,20.9415,94.2546,.5778,20.5662,94.5769,.8254,20.8069,94.5678,.915,20.7706,94.5716,1.0129,20.5299,94.5807,.9234,20.6012,94.5559,.729,20.842,94.5469,.8185,20.6338,94.5166,.6375,20.8745,94.5075,.7271,20.6628,94.461,.5537,20.9036,94.4519,.6432,20.9284,94.3816,.5694,20.6876,94.3908,.4799,20.9479,94.2988,.5085,20.7072,94.308,.4189,20.5504,94.0452,.8076
                    ,20.7599,94.0373,.8855,20.5815,94.1099,.7306,20.5799,94.1299,.737,20.7894,94.122,.8149,20.791,94.1019,.8085,20.79,94.0808,.8091,20.5805,94.0888,.7312,20.7866,94.0613,.8162,20.5771,94.0693,.7383,20.7811,94.0456,.8292,20.5717,94.0536,.7513,20.7743,94.0358,.8466,20.5649,94.0437,.7687,20.7669,94.0329,.8661,20.5575,94.0409,.7882,20.9536,94.1746,.5371,20.9709,94.1801,.5285
                    ,20.978,94.0914,.5004,20.9605,94.0886,.51,20.9794,93.9988,.4872,20.9619,93.9984,.497,20.9617,94.2062,.4619,20.721,94.2153,.3723,20.7289,94.116,.3409,20.9696,94.1068,.4305,20.9712,94.0032,.4157,20.7304,94.0123,.3261,20.5385,94.0924,.8446,20.539,94.0926,.8431,20.54,94.1142,.8427,20.5395,94.1145,.8442,20.5486,94.1506,.8234,20.5489,94.1493,.8224,20.5557,94.1592,.8051
                    ,20.5556,94.1607,.8056,20.5632,94.1637,.7856,20.5631,94.1621,.7856,20.5701,94.1578,.7664,20.5703,94.1594,.7658,20.5406,94.0731,.8369,20.5401,94.0723,.8382,20.5434,94.1337,.8356,20.543,94.1346,.8368,20.576,94.1465,.7494,20.5764,94.1477,.7483,20.5442,94.0552,.8255,20.5446,94.0565,.8245,20.5799,94.1299,.737,20.5804,94.1306,.7357,20.5776,94.0684,.737,20.5811,94.0884,.7297
                    ,20.5805,94.0888,.7312,20.5771,94.0693,.7383,20.5502,94.0438,.8082,20.5574,94.0392,.7882,20.5575,94.0409,.7882,20.5504,94.0452,.8076,20.5815,94.1099,.7306,20.5821,94.1101,.7292,20.5771,94.067,.7382,20.565,94.0422,.7682,20.572,94.0523,.7504,20.5717,94.0536,.7513,20.5649,94.0437,.7687,20.7536,94.0474,.9033,20.7495,94.0643,.9161,20.7501,94.0651,.9148,20.754,94.0485,.9024
                    ,20.7858,94.1397,.8262,20.7854,94.1385,.8273,20.7795,94.1497,.8442,20.7798,94.1513,.8436,20.7485,94.0849,.921,20.7479,94.0847,.9225,20.7489,94.1065,.9221,20.7494,94.1063,.9206,20.7524,94.1266,.9148,20.7528,94.1258,.9135,20.758,94.1426,.9013,20.7583,94.1414,.9003,20.7725,94.1542,.8635,20.7726,94.1558,.8635,20.7651,94.1512,.883,20.765,94.1527,.8836,20.7599,94.0373,.8855
                    ,20.7596,94.0358,.8861,20.7669,94.0329,.8661,20.7669,94.0312,.8661,20.7744,94.0342,.8461,20.7743,94.0358,.8466,20.7899,94.1227,.8136,20.7894,94.122,.8149,20.791,94.1019,.8085,20.7915,94.1021,.8071,20.7905,94.0804,.8076,20.79,94.0808,.8091,20.7814,94.0443,.8283,20.7811,94.0456,.8292,20.787,94.0605,.8149,20.7866,94.0613,.8162,20.5018,94.109,.9448,20.5021,94.0871,.9418
                    ,20.5643,94.5758,.8247,20.5992,94.5548,.7285,20.6317,94.5156,.6373,20.6607,94.4602,.5537,20.5374,93.8974,.8276,20.542,93.9158,.8172,20.499,94.1282,.9545,20.528,94.5796,.9225,20.6854,94.3901,.48,20.7049,94.3075,.4192,20.7282,94.0126,.3265,20.7266,94.116,.3413,20.5484,93.929,.8013,20.5558,93.9357,.782,20.7187,94.2151,.3727,20.5751,93.9122,.7276,20.7281,94.0121,.3265
                    ,20.5633,93.9349,.7618,20.57,93.9268,.7428,20.7025,93.9006,1.0258,20.7047,94.0403,1.0342,20.7093,94.0585,1.0236,20.7066,93.8836,1.0131,20.8479,94.375,.6846,20.8685,94.3165,.6231,20.7116,94.0794,1.0197,20.7113,94.1011,1.0227,20.7084,94.1203,1.0324,20.7363,94.4768,.995,20.767,94.4734,.9121,20.8237,94.4216,.7544,20.7966,94.4547,.8307,20.7514,93.9077,.8949,20.7578,93.9211,.8792
                    ,20.7652,93.9278,.8599,20.7727,93.9269,.8397,20.8849,94.2477,.5721,20.8967,94.1707,.5326,20.9033,94.0877,.5062,20.7795,93.9188,.8207,20.9047,93.9995,.4935,20.7846,93.9043,.8055,20.7805,93.8254,.8085,20.7743,93.8124,.8239,20.5648,93.8203,.7461,20.5711,93.8334,.7306,20.7518,93.9067,.8939,20.5424,93.9146,.816,20.5379,93.8968,.8263,20.7473,93.8888,.9042,20.5357,93.8768,.8301
                    ,20.536,93.8553,.8271,20.7454,93.8473,.9051,20.7451,93.8686,.908,20.5388,93.8367,.8177,20.7482,93.8287,.8956,20.5357,93.8768,.8301,20.7451,93.8686,.908,20.5438,93.8226,.8028,20.7532,93.8146,.8807,20.5503,93.8147,.7844,20.7598,93.8067,.8623,20.7671,93.8059,.8425,20.5576,93.8139,.7646,20.7518,93.3739,.9409,20.7754,93.3914,.9507,20.8109,93.4054,.8567,20.7884,93.3883,.844
                    ,20.8458,93.4359,.7665,20.8243,93.4194,.7507,20.8786,93.4835,.6831,20.8582,93.4684,.6646,20.8892,93.5328,.588,20.9086,93.5458,.6088,20.9349,93.621,.5459,20.9163,93.6106,.523,20.9564,93.7071,.4968,20.9385,93.6995,.4724,20.5111,93.383,.8514,20.5477,93.3998,.7547,20.5834,93.4309,.6619,20.6172,93.4797,.5762,20.648,93.5436,.4998,20.6749,93.621,.4354,20.6971,93.7095,.3849
                    ,20.5486,93.9276,.8005,20.758,93.9197,.8784,20.7872,93.8638,.7942,20.785,93.8432,.7982,20.5756,93.8511,.7202,20.5778,93.8718,.7163,20.5775,93.8926,.7194,20.7869,93.8847,.7973,20.5747,93.9112,.7288,20.7841,93.9033,.8067,20.5697,93.9254,.7436,20.7791,93.9175,.8215,20.5631,93.9333,.762,20.7726,93.9254,.8399,20.5558,93.9341,.7818,20.7653,93.9261,.8597,20.9725,93.801,.4625
