// File generated with Tower of Babel version: 5.3-beta on 07/24/18
var __extends = this.__extends || function (d, b) {
    for (var p in b) if (b.hasOwnProperty(p)) d[p] = b[p];
    function __() { this.constructor = d; }
    d.prototype = b === null ? Object.create(b) : (__.prototype = b.prototype, new __());
};
var cloth_anim;
(function (cloth_anim) {
    var _B = BABYLON;
    var _M = _B.Matrix.FromValues;
    var _Q = _B.Quaternion;
    var _V = _B.Vector3;
    function CONTIG(array, offset, begin, end) {
        for(var i = 0, len = 1 + end - begin; i < len; i++) {
            array[offset + i] = begin + i;
        }
    }
    function REPEAT(array, offset, nRepeats, val) {
        for(var i = 0; i < nRepeats; i++) {
            array[offset + i] = val;
        }
    }
    function UNPACK(compressed) {
        var len = compressed.length * 4;
        ret = new Float32Array(compressed.length * 4);
        for(var i = 0, j = 0; i < len; i += 4, j++) {
            ret[i    ] =  compressed[j] & 0x000000FF;
            ret[i + 1] = (compressed[j] & 0x0000FF00) >> 8;
            ret[i + 2] = (compressed[j] & 0x00FF0000) >> 16;
            ret[i + 3] =  compressed[j] >> 24;
        }
        return ret;
    }
    var _sceneTransitionName;
    var _overriddenMillis;
    var _overriddenSound;
    var _options;
    var meshLib = new Array(1);
    var cloneCount = 1;

    var originalVerts = 0;
    var clonedVerts = 0;
    var MeshFactory = (function () {
        function MeshFactory(_scene, materialsRootDir) {
            this._scene = _scene;
            if (!materialsRootDir) { materialsRootDir = "./"; }
            defineMaterials(_scene, materialsRootDir); //embedded version check
        }

        MeshFactory.prototype.getModuleName = function () { return "cloth_anim";};

        MeshFactory.prototype.instance = function (meshName, cloneSkeleton) {
            var ret = null;
            var src;
            switch (meshName){
                case "FQBasis":
                    src = getViable(0);
                    if (src === null){
                        ret = new FQBasis("FQBasis", this._scene);
                        originalVerts += ret.getTotalVertices();
                        meshLib[0].push(ret);
                    }else{
                        ret = new FQBasis("FQBasis" + "_" + cloneCount++, this._scene, null, src);
                        clonedVerts += ret.getTotalVertices();
                    }
                    break;
            }
            if (ret !== null){
                if (cloneSkeleton && src && src.skeleton){
                    var skelName = src.skeleton.name + cloneCount;
                    ret.skeleton = src.skeleton.clone(skelName, skelName);
                }
            }
            else _B.Tools.Error("Mesh not found: " + meshName);
            return ret;
        };
        return MeshFactory;
    })();
    cloth_anim.MeshFactory = MeshFactory;
    function getViable(libIdx, isNode) {
        var meshes = meshLib[libIdx];
        if (!meshes || meshes === null){
            if (!meshes) meshLib[libIdx] = new Array();
            return null;
        }

        for (var i = meshes.length - 1; i >= 0; i--){
            if (meshes[i].geometry || isNode) return meshes[i];
        }
        return null;
    }

    function clean(libIdx) {
        var meshes = meshLib[libIdx];
        if (!meshes  || meshes === null) return;

        var stillViable = false;
        for (var i = meshes.length - 1; i >= 0; i--){
            if (!meshes[i].geometry) meshes[i] = null;
            else stillViable = true;
        }
        if (!stillViable) meshLib[libIdx] = null;
    }

    function getStats() { return [cloneCount, originalVerts, clonedVerts]; }
    cloth_anim.getStats = getStats;


    var waitingMeshes = [];
    var pendingTextures = 0;
    var texLoadStart = 0;
    function onTexturesLoaded(){
        if (--pendingTextures > 0) return;
        _B.Tools.Log("Texture Load delay:  " + ((_B.Tools.Now - texLoadStart) / 1000).toFixed(2) + " secs");
        if (_sceneTransitionName) QI.SceneTransition.perform(_sceneTransitionName, waitingMeshes, _overriddenMillis, _overriddenSound, _options);
        else {
            for (var i = 0, len = waitingMeshes.length; i < len; i++) {
                if (!waitingMeshes[i].initComplete) continue;
                if (typeof waitingMeshes[i].grandEntrance == "function") waitingMeshes[i].grandEntrance();
                else makeVisible(waitingMeshes[i]);
            }
        }
        waitingMeshes = [];
        _sceneTransitionName = null;
        matLoaded = true;
    }

    // QI.Mesh has similar method, using this to not require QI
    function makeVisible(mesh){
        var children = mesh.getChildMeshes();
        mesh.isVisible = true;
        for (var i = 0, len = children.length; i < len; i++) {
            children[i].isVisible = true;
        }
    }

    var aheadQueued = false;
    function matReadAhead(materialsRootDir) {
        if (aheadQueued) return;
        var txBuffer;
        var fName;

        aheadQueued = true;
    }
    cloth_anim.matReadAhead = matReadAhead;

    var matLoaded = false;
    function defineMaterials(scene, materialsRootDir) {
        if (!materialsRootDir) { materialsRootDir = "./"; }
        if (materialsRootDir.lastIndexOf("/") + 1  !== materialsRootDir.length) { materialsRootDir  += "/"; }
        if (typeof(QI) !== "undefined") QI.TimelineControl.initialize(scene);
        if (typeof(TOWER_OF_BABEL) !== "undefined") TOWER_OF_BABEL.Preloader.SCENE = scene;
        var loadStart = _B.Tools.Now;
        matReadAhead(materialsRootDir);
        var material;
        var texture;
        var txBuffer;

        material = scene.getMaterialByID("cloth_anim.Material3927.001");
        if (!material){
            material = new _B.StandardMaterial("cloth_anim.Material3927.001", scene);
            material.ambientColor  = new _B.Color3(.2571,.2571,.2571);
            material.diffuseColor  = new _B.Color3(1,1,1);
            material.emissiveColor = new _B.Color3(0,0,0);
            material.specularColor = new _B.Color3(.075,.075,.075);
            material.specularPower = 15;
            material.alpha =  1;
            material.backFaceCulling = true;
            material.checkReadyOnlyOnce = false;
            material.maxSimultaneousLights = 4;
        } else material.markDirty();

        material = scene.getMaterialByID("cloth_anim.Material3895.001");
        if (!material){
            material = new _B.StandardMaterial("cloth_anim.Material3895.001", scene);
            material.ambientColor  = new _B.Color3(.2571,.2571,.2571);
            material.diffuseColor  = new _B.Color3(1,1,1);
            material.emissiveColor = new _B.Color3(0,0,0);
            material.specularColor = new _B.Color3(.075,.075,.075);
            material.specularPower = 15;
            material.alpha =  1;
            material.backFaceCulling = true;
            material.checkReadyOnlyOnce = false;
            material.maxSimultaneousLights = 4;
        } else material.markDirty();

        material = scene.getMaterialByID("cloth_anim.Material3891.001");
        if (!material){
            material = new _B.StandardMaterial("cloth_anim.Material3891.001", scene);
            material.ambientColor  = new _B.Color3(.2571,.2571,.2571);
            material.diffuseColor  = new _B.Color3(1,1,1);
            material.emissiveColor = new _B.Color3(0,0,0);
            material.specularColor = new _B.Color3(.075,.075,.075);
            material.specularPower = 15;
            material.alpha =  1;
            material.backFaceCulling = true;
            material.checkReadyOnlyOnce = false;
            material.maxSimultaneousLights = 4;
        } else material.markDirty();

        material = scene.getMaterialByID("cloth_anim.Material3915.001");
        if (!material){
            material = new _B.StandardMaterial("cloth_anim.Material3915.001", scene);
            material.ambientColor  = new _B.Color3(.2571,.2571,.2571);
            material.diffuseColor  = new _B.Color3(1,1,1);
            material.emissiveColor = new _B.Color3(0,0,0);
            material.specularColor = new _B.Color3(.075,.075,.075);
            material.specularPower = 15;
            material.alpha =  1;
            material.backFaceCulling = true;
            material.checkReadyOnlyOnce = false;
            material.maxSimultaneousLights = 4;
        } else material.markDirty();

        material = scene.getMaterialByID("cloth_anim.Material3899.001");
        if (!material){
            material = new _B.StandardMaterial("cloth_anim.Material3899.001", scene);
            material.ambientColor  = new _B.Color3(.2571,.2571,.2571);
            material.diffuseColor  = new _B.Color3(1,1,1);
            material.emissiveColor = new _B.Color3(0,0,0);
            material.specularColor = new _B.Color3(.075,.075,.075);
            material.specularPower = 15;
            material.alpha =  1;
            material.backFaceCulling = true;
            material.checkReadyOnlyOnce = false;
            material.maxSimultaneousLights = 4;
        } else material.markDirty();

        material = scene.getMaterialByID("cloth_anim.Material3903.001");
        if (!material){
            material = new _B.StandardMaterial("cloth_anim.Material3903.001", scene);
            material.ambientColor  = new _B.Color3(.2571,.2571,.2571);
            material.diffuseColor  = new _B.Color3(1,1,1);
            material.emissiveColor = new _B.Color3(0,0,0);
            material.specularColor = new _B.Color3(.075,.075,.075);
            material.specularPower = 15;
            material.alpha =  1;
            material.backFaceCulling = true;
            material.checkReadyOnlyOnce = false;
            material.maxSimultaneousLights = 4;
        } else material.markDirty();

        material = scene.getMaterialByID("cloth_anim.Material3907.001");
        if (!material){
            material = new _B.StandardMaterial("cloth_anim.Material3907.001", scene);
            material.ambientColor  = new _B.Color3(.2571,.2571,.2571);
            material.diffuseColor  = new _B.Color3(1,1,1);
            material.emissiveColor = new _B.Color3(0,0,0);
            material.specularColor = new _B.Color3(.075,.075,.075);
            material.specularPower = 15;
            material.alpha =  1;
            material.backFaceCulling = true;
            material.checkReadyOnlyOnce = false;
            material.maxSimultaneousLights = 4;
        } else material.markDirty();
        var multiMaterial;
        multiMaterial = new _B.MultiMaterial("cloth_anim.Multimaterial#0", scene);
        multiMaterial.subMaterials.push(scene.getMaterialByID("cloth_anim.Material3927.001"));
        multiMaterial.subMaterials.push(scene.getMaterialByID("cloth_anim.Material3895.001"));
        multiMaterial.subMaterials.push(scene.getMaterialByID("cloth_anim.Material3891.001"));
        multiMaterial.subMaterials.push(scene.getMaterialByID("cloth_anim.Material3915.001"));
        multiMaterial.subMaterials.push(scene.getMaterialByID("cloth_anim.Material3899.001"));
        multiMaterial.subMaterials.push(scene.getMaterialByID("cloth_anim.Material3903.001"));
        multiMaterial.subMaterials.push(scene.getMaterialByID("cloth_anim.Material3907.001"));

        matLoaded = pendingTextures === 0;
        if (!matLoaded) texLoadStart = _B.Tools.Now;
        _B.Tools.Log("cloth_anim.defineMaterials completed:  " + ((_B.Tools.Now - loadStart) / 1000).toFixed(2) + " secs");
    }
    cloth_anim.defineMaterials = defineMaterials;

    function skel_QA_152(name, scene){
        _B.Tools.Log('defining skeleton:  152QA');
        var bone;
        var animation;

        var skeleton = new QI.Skeleton(name, "0", scene);
        skeleton.dimensionsAtRest = new _V(53.4352,147.9583,26.6886);
        bone = new QI.Bone("hip", skeleton,null, _M(.9968,-.0264,.0759,0,-.0162,.8593,.5113,0,.0787,.5108,-.8561,0,.1812,89.1348,.1949,1), _M(.9968,-.0264,.0759,0,-.0162,.8593,.5113,0,.0787,.5108,-.8561,0,.1812,89.1348,.1949,1));
        bone.length = 1.6927;
        animation = new _B.Animation("anim", "_matrix", 24, 3, 1);
        animation.setKeys([
        {frame: 1, value: _M(.9968,-.0264,.0759,0,-.0162,.8593,.5113,0,.0787,.5108,-.8561,0,.1812,89.1348,.1949,1)},
        {frame: 80, value: _M(.9968,-.0264,.0759,0,-.0162,.8593,.5113,0,.0787,.5108,-.8561,0,.1812,89.1348,.1949,1)}
        ]);
        bone.animations.push(animation);

        bone = new QI.Bone("pelvis", skeleton,skeleton.bones[0], _M(1,0,0,0,0,-.8704,-.4923,0,0,.4923,-.8704,0,0,1.4882,.6331,1), _M(1,0,0,0,0,-.8704,-.4923,0,0,.4923,-.8704,0,0,1.4882,.6331,1));
        bone.length = 9.3053;
        animation = new _B.Animation("anim", "_matrix", 24, 3, 1);
        animation.setKeys([
        {frame: 1, value: _M(1,0,0,0,0,-.8704,-.4923,0,0,.4923,-.8704,0,0,1.4882,.6331,1)},
        {frame: 80, value: _M(1,0,0,0,0,-.8704,-.4923,0,0,.4923,-.8704,0,0,1.4882,.6331,1)}
        ]);
        bone.animations.push(animation);

        bone = new QI.Bone("lThighBend", skeleton,skeleton.bones[1], _M(-.9466,.0158,-.322,0,-.0119,.9964,.0838,0,.3222,.0832,-.943,0,6.8593,9.3053,0,1), _M(-.9466,.0158,-.322,0,-.0119,.9964,.0838,0,.3222,.0832,-.943,0,6.8593,9.3053,0,1));
        bone.length = 18.17;
        animation = new _B.Animation("anim", "_matrix", 24, 3, 1);
        animation.setKeys([
        {frame: 1, value: _M(-.9466,.0158,-.322,0,-.0119,.9964,.0838,0,.3222,.0832,-.943,0,6.8593,9.3053,0,1)},
        {frame: 80, value: _M(-.9466,.0158,-.322,0,-.0119,.9964,.0838,0,.3222,.0832,-.943,0,6.8593,9.3053,0,1)}
        ]);
        bone.animations.push(animation);

        bone = new QI.Bone("lThighTwist", skeleton,skeleton.bones[2], _M(.9031,.0382,.4278,0,-.0226,.9989,-.0413,0,-.4289,.0276,.9029,0,0,18.17,0,1), _M(.9031,.0382,.4278,0,-.0226,.9989,-.0413,0,-.4289,.0276,.9029,0,0,18.17,0,1));
        bone.length = 21.9738;
        animation = new _B.Animation("anim", "_matrix", 24, 3, 1);
        animation.setKeys([
        {frame: 1, value: _M(.9031,.0382,.4278,0,-.0226,.9989,-.0413,0,-.4289,.0276,.9029,0,0,18.17,0,1)},
        {frame: 80, value: _M(.9031,.0382,.4278,0,-.0226,.9989,-.0413,0,-.4289,.0276,.9029,0,0,18.17,0,1)}
        ]);
        bone.animations.push(animation);

        bone = new QI.Bone("lShin", skeleton,skeleton.bones[3], _M(1,-.003,.0019,0,.0029,.9996,.0291,0,-.002,-.0291,.9996,0,0,21.9738,0,1), _M(1,-.003,.0019,0,.0029,.9996,.0291,0,-.002,-.0291,.9996,0,0,21.9739,0,1));
        bone.length = 37.1744;
        animation = new _B.Animation("anim", "_matrix", 24, 3, 1);
        animation.setKeys([
        {frame: 1, value: _M(1,-.003,.0019,0,.0029,.9996,.0291,0,-.002,-.0291,.9996,0,0,21.9738,0,1)},
        {frame: 80, value: _M(1,-.003,.0019,0,.0029,.9996,.0291,0,-.002,-.0291,.9996,0,0,21.9738,0,1)}
        ]);
        bone.animations.push(animation);

        bone = new QI.Bone("lFoot", skeleton,skeleton.bones[4], _M(-.3347,.1643,.9279,0,-.6087,.714,-.346,0,-.7193,-.6806,-.139,0,0,37.1744,0,1), _M(-.3347,.1643,.9279,0,-.6087,.714,-.346,0,-.7193,-.6806,-.139,0,0,37.1744,0,1));
        bone.length = .8236;
        animation = new _B.Animation("anim", "_matrix", 24, 3, 1);
        animation.setKeys([
        {frame: 1, value: _M(-.3347,.1643,.9279,0,-.6087,.714,-.346,0,-.7193,-.6806,-.139,0,0,37.1744,0,1)},
        {frame: 80, value: _M(-.3347,.1643,.9279,0,-.6087,.714,-.346,0,-.7193,-.6806,-.139,0,0,37.1744,0,1)}
        ]);
        bone.animations.push(animation);

        bone = new QI.Bone("lMetatarsals", skeleton,skeleton.bones[5], _M(.793,.5843,.1725,0,.5193,-.5004,-.6928,0,-.3185,.6389,-.7002,0,0,.8236,0,1), _M(.793,.5843,.1725,0,.5193,-.5004,-.6928,0,-.3185,.6389,-.7002,0,0,.8236,0,1));
        bone.length = 12.0598;
        animation = new _B.Animation("anim", "_matrix", 24, 3, 1);
        animation.setKeys([
        {frame: 1, value: _M(.793,.5843,.1725,0,.5193,-.5004,-.6928,0,-.3185,.6389,-.7002,0,0,.8236,0,1)},
        {frame: 80, value: _M(.793,.5843,.1725,0,.5193,-.5004,-.6928,0,-.3185,.6389,-.7002,0,0,.8236,0,1)}
        ]);
        bone.animations.push(animation);

        bone = new QI.Bone("lToe", skeleton,skeleton.bones[6], _M(.863,.2048,.4619,0,.3098,.5077,-.8039,0,-.3991,.8368,.3747,0,0,12.0598,0,1), _M(.863,.2048,.4619,0,.3098,.5077,-.8039,0,-.3991,.8368,.3747,0,0,12.0598,0,1));
        bone.length = .4887;
        animation = new _B.Animation("anim", "_matrix", 24, 3, 1);
        animation.setKeys([
        {frame: 1, value: _M(.863,.2048,.4619,0,.3098,.5077,-.8039,0,-.3991,.8368,.3747,0,0,12.0598,0,1)},
        {frame: 80, value: _M(.863,.2048,.4619,0,.3098,.5077,-.8039,0,-.3991,.8368,.3747,0,0,12.0598,0,1)}
        ]);
        bone.animations.push(animation);

        bone = new QI.Bone("lSmallToe4", skeleton,skeleton.bones[7], _M(.8214,.4241,-.3813,0,.1789,.4431,.8784,0,.5415,-.7898,.2881,0,2.0324,1.6532,-1.4958,1), _M(.8214,.4241,-.3813,0,.1789,.4431,.8784,0,.5415,-.7898,.2881,0,2.0324,1.6532,-1.4958,1));
        bone.length = .9888;
        animation = new _B.Animation("anim", "_matrix", 24, 3, 1);
        animation.setKeys([
        {frame: 1, value: _M(.8214,.4241,-.3813,0,.1789,.4431,.8784,0,.5415,-.7898,.2881,0,2.0324,1.6532,-1.4958,1)},
        {frame: 80, value: _M(.8214,.4241,-.3813,0,.1789,.4431,.8784,0,.5415,-.7898,.2881,0,2.0324,1.6532,-1.4958,1)}
        ]);
        bone.animations.push(animation);

        bone = new QI.Bone("lSmallToe4_2", skeleton,skeleton.bones[8], _M(.886,.4316,-.1694,0,.4497,-.889,.0866,0,-.1132,-.1529,-.9817,0,0,.9888,0,1), _M(.886,.4316,-.1694,0,.4497,-.889,.0866,0,-.1132,-.1529,-.9817,0,0,.9888,0,1));
        bone.length = 3.1279;
        animation = new _B.Animation("anim", "_matrix", 24, 3, 1);
        animation.setKeys([
        {frame: 1, value: _M(.886,.4316,-.1694,0,.4497,-.889,.0866,0,-.1132,-.1529,-.9817,0,0,.9888,0,1)},
        {frame: 80, value: _M(.886,.4316,-.1694,0,.4497,-.889,.0866,0,-.1132,-.1529,-.9817,0,0,.9888,0,1)}
        ]);
        bone.animations.push(animation);

        bone = new QI.Bone("lSmallToe3", skeleton,skeleton.bones[7], _M(.874,.2581,-.4118,0,.24,.5076,.8275,0,.4226,-.822,.3817,0,.8969,1.186,-.6198,1), _M(.874,.2581,-.4118,0,.24,.5076,.8275,0,.4226,-.822,.3817,0,.8969,1.186,-.6198,1));
        bone.length = 1.3027;
        animation = new _B.Animation("anim", "_matrix", 24, 3, 1);
        animation.setKeys([
        {frame: 1, value: _M(.874,.2581,-.4118,0,.24,.5076,.8275,0,.4226,-.822,.3817,0,.8969,1.186,-.6198,1)},
        {frame: 80, value: _M(.874,.2581,-.4118,0,.24,.5076,.8275,0,.4226,-.822,.3817,0,.8969,1.186,-.6198,1)}
        ]);
        bone.animations.push(animation);

        bone = new QI.Bone("lSmallToe3_2", skeleton,skeleton.bones[10], _M(.8411,.2263,-.4912,0,.2445,-.9692,-.0279,0,-.4824,-.0967,-.8706,0,0,1.3027,0,1), _M(.8411,.2263,-.4912,0,.2445,-.9692,-.0279,0,-.4824,-.0967,-.8706,0,0,1.3027,0,1));
        bone.length = 2.1143;
        animation = new _B.Animation("anim", "_matrix", 24, 3, 1);
        animation.setKeys([
        {frame: 1, value: _M(.8411,.2263,-.4912,0,.2445,-.9692,-.0279,0,-.4824,-.0967,-.8706,0,0,1.3027,0,1)},
        {frame: 80, value: _M(.8411,.2263,-.4912,0,.2445,-.9692,-.0279,0,-.4824,-.0967,-.8706,0,0,1.3027,0,1)}
        ]);
        bone.animations.push(animation);

        bone = new QI.Bone("lSmallToe2", skeleton,skeleton.bones[7], _M(.8688,.2946,-.398,0,.2026,.5219,.8286,0,.4518,-.8005,.3937,0,-.0045,.9578,.0263,1), _M(.8688,.2946,-.398,0,.2026,.5219,.8286,0,.4518,-.8005,.3937,0,-.0045,.9578,.0263,1));
        bone.length = 1.6906;
        animation = new _B.Animation("anim", "_matrix", 24, 3, 1);
        animation.setKeys([
        {frame: 1, value: _M(.8688,.2946,-.398,0,.2026,.5219,.8286,0,.4518,-.8005,.3937,0,-.0045,.9578,.0263,1)},
        {frame: 80, value: _M(.8688,.2946,-.398,0,.2026,.5219,.8286,0,.4518,-.8005,.3937,0,-.0045,.9578,.0263,1)}
        ]);
        bone.animations.push(animation);

        bone = new QI.Bone("lSmallToe2_2", skeleton,skeleton.bones[12], _M(.5167,-.3319,-.7892,0,-.3861,-.9131,.1312,0,-.7641,.2369,-.6,0,0,1.6906,0,1), _M(.5167,-.3319,-.7892,0,-.3861,-.9131,.1312,0,-.7641,.2369,-.6,0,0,1.6906,0,1));
        bone.length = 2.0829;
        animation = new _B.Animation("anim", "_matrix", 24, 3, 1);
        animation.setKeys([
        {frame: 1, value: _M(.5167,-.3319,-.7892,0,-.3861,-.9131,.1312,0,-.7641,.2369,-.6,0,0,1.6906,0,1)},
        {frame: 80, value: _M(.5167,-.3319,-.7892,0,-.3861,-.9131,.1312,0,-.7641,.2369,-.6,0,0,1.6906,0,1)}
        ]);
        bone.animations.push(animation);

        bone = new QI.Bone("lSmallToe1", skeleton,skeleton.bones[7], _M(.8895,.2467,-.3847,0,.1775,.5892,.7883,0,.4211,-.7694,.4803,0,-.9132,.1171,.6795,1), _M(.8895,.2467,-.3847,0,.1775,.5892,.7883,0,.4211,-.7694,.4803,0,-.9132,.1171,.6795,1));
        bone.length = 1.9341;
        animation = new _B.Animation("anim", "_matrix", 24, 3, 1);
        animation.setKeys([
        {frame: 1, value: _M(.8895,.2467,-.3847,0,.1775,.5892,.7883,0,.4211,-.7694,.4803,0,-.9132,.1171,.6795,1)},
        {frame: 80, value: _M(.8895,.2467,-.3847,0,.1775,.5892,.7883,0,.4211,-.7694,.4803,0,-.9132,.1171,.6795,1)}
        ]);
        bone.animations.push(animation);

        bone = new QI.Bone("lSmallToe1_2", skeleton,skeleton.bones[14], _M(-.0368,-.4054,-.9134,0,-.706,-.6364,.3108,0,-.7073,.6563,-.2628,0,0,1.9341,0,1), _M(-.0368,-.4054,-.9134,0,-.706,-.6364,.3108,0,-.7073,.6563,-.2628,0,0,1.9341,0,1));
        bone.length = 3.5087;
        animation = new _B.Animation("anim", "_matrix", 24, 3, 1);
        animation.setKeys([
        {frame: 1, value: _M(-.0368,-.4054,-.9134,0,-.706,-.6364,.3108,0,-.7073,.6563,-.2628,0,0,1.9341,0,1)},
        {frame: 80, value: _M(-.0368,-.4054,-.9134,0,-.706,-.6364,.3108,0,-.7073,.6563,-.2628,0,0,1.9341,0,1)}
        ]);
        bone.animations.push(animation);

        bone = new QI.Bone("lBigToe", skeleton,skeleton.bones[7], _M(.8941,.227,-.3861,0,.1865,.5952,.7816,0,.4072,-.7709,.4898,0,-2.0115,-1.4705,1.4097,1), _M(.8941,.227,-.3861,0,.1865,.5952,.7816,0,.4072,-.7709,.4898,0,-2.0115,-1.4705,1.4097,1));
        bone.length = 2.2436;
        animation = new _B.Animation("anim", "_matrix", 24, 3, 1);
        animation.setKeys([
        {frame: 1, value: _M(.8941,.227,-.3861,0,.1865,.5952,.7816,0,.4072,-.7709,.4898,0,-2.0115,-1.4705,1.4097,1)},
        {frame: 80, value: _M(.8941,.227,-.3861,0,.1865,.5952,.7816,0,.4072,-.7709,.4898,0,-2.0115,-1.4705,1.4097,1)}
        ]);
        bone.animations.push(animation);

        bone = new QI.Bone("lBigToe_2", skeleton,skeleton.bones[16], _M(-.7072,-.6431,-.2938,0,-.2659,-.143,.9533,0,-.6551,.7523,-.0699,0,0,2.2436,0,1), _M(-.7072,-.6431,-.2938,0,-.2659,-.143,.9533,0,-.6551,.7523,-.0699,0,0,2.2436,0,1));
        bone.length = 14.5693;
        animation = new _B.Animation("anim", "_matrix", 24, 3, 1);
        animation.setKeys([
        {frame: 1, value: _M(-.7072,-.6431,-.2938,0,-.2659,-.143,.9533,0,-.6551,.7523,-.0699,0,0,2.2436,0,1)},
        {frame: 80, value: _M(-.7072,-.6431,-.2938,0,-.2659,-.143,.9533,0,-.6551,.7523,-.0699,0,0,2.2436,0,1)}
        ]);
        bone.animations.push(animation);

        bone = new QI.Bone("rThighBend", skeleton,skeleton.bones[1], _M(-.9581,.1436,.2477,0,.0742,.9602,-.2693,0,-.2765,-.2397,-.9306,0,-6.8593,9.3052,0,1), _M(-.9581,.1436,.2477,0,.0742,.9602,-.2693,0,-.2765,-.2397,-.9306,0,-6.8593,9.3052,0,1));
        bone.length = 18.17;
        animation = new _B.Animation("anim", "_matrix", 24, 3, 1);
        animation.setKeys([
        {frame: 1, value: _M(-.9581,.1436,.2477,0,.0742,.9602,-.2693,0,-.2765,-.2397,-.9306,0,-6.8593,9.3052,0,1)},
        {frame: 80, value: _M(-.9581,.1436,.2477,0,.0742,.9602,-.2693,0,-.2765,-.2397,-.9306,0,-6.8593,9.3052,0,1)}
        ]);
        bone.animations.push(animation);

        bone = new QI.Bone("rThighTwist", skeleton,skeleton.bones[18], _M(.8635,-.0382,-.5029,0,.019,.9989,-.0432,0,.504,.0277,.8633,0,0,18.1699,0,1), _M(.8635,-.0382,-.5029,0,.019,.9989,-.0432,0,.504,.0277,.8633,0,0,18.17,0,1));
        bone.length = 21.9739;
        animation = new _B.Animation("anim", "_matrix", 24, 3, 1);
        animation.setKeys([
        {frame: 1, value: _M(.8635,-.0382,-.5029,0,.019,.9989,-.0432,0,.504,.0277,.8633,0,0,18.1699,0,1)},
        {frame: 80, value: _M(.8635,-.0382,-.5029,0,.019,.9989,-.0432,0,.504,.0277,.8633,0,0,18.1699,0,1)}
        ]);
        bone.animations.push(animation);

        bone = new QI.Bone("rShin", skeleton,skeleton.bones[19], _M(.84,-.5414,.0371,0,.4785,.7067,-.5211,0,.2559,.4555,.8527,0,0,21.9738,0,1), _M(.84,-.5414,.0371,0,.4785,.7067,-.5211,0,.2559,.4555,.8527,0,0,21.9738,0,1));
        bone.length = 37.1745;
        animation = new _B.Animation("anim", "_matrix", 24, 3, 1);
        animation.setKeys([
        {frame: 1, value: _M(.84,-.5414,.0371,0,.4785,.7067,-.5211,0,.2559,.4555,.8527,0,0,21.9738,0,1)},
        {frame: 80, value: _M(.84,-.5414,.0371,0,.4785,.7067,-.5211,0,.2559,.4555,.8527,0,0,21.9738,0,1)}
        ]);
        bone.animations.push(animation);

        bone = new QI.Bone("rFoot", skeleton,skeleton.bones[20], _M(-.5714,-.3066,-.7613,0,.5061,.5987,-.6209,0,.6461,-.74,-.1869,0,0,37.1745,0,1), _M(-.5714,-.3066,-.7613,0,.5061,.5987,-.6209,0,.6461,-.74,-.1869,0,0,37.1745,0,1));
        bone.length = .8236;
        animation = new _B.Animation("anim", "_matrix", 24, 3, 1);
        animation.setKeys([
        {frame: 1, value: _M(-.5714,-.3066,-.7613,0,.5061,.5987,-.6209,0,.6461,-.74,-.1869,0,0,37.1745,0,1)},
        {frame: 80, value: _M(-.5714,-.3066,-.7613,0,.5061,.5987,-.6209,0,.6461,-.74,-.1869,0,0,37.1745,0,1)}
        ]);
        bone.animations.push(animation);

        bone = new QI.Bone("rMetatarsals", skeleton,skeleton.bones[21], _M(.7274,-.684,-.0551,0,-.5216,-.4989,-.6921,0,.4459,.5322,-.7197,0,0,.8236,0,1), _M(.7274,-.684,-.0551,0,-.5216,-.4989,-.6921,0,.4459,.5322,-.7197,0,0,.8236,0,1));
        bone.length = 12.0598;
        animation = new _B.Animation("anim", "_matrix", 24, 3, 1);
        animation.setKeys([
        {frame: 1, value: _M(.7274,-.684,-.0551,0,-.5216,-.4989,-.6921,0,.4459,.5322,-.7197,0,0,.8236,0,1)},
        {frame: 80, value: _M(.7274,-.684,-.0551,0,-.5216,-.4989,-.6921,0,.4459,.5322,-.7197,0,0,.8236,0,1)}
        ]);
        bone.animations.push(animation);

        bone = new QI.Bone("rToe", skeleton,skeleton.bones[22], _M(.7129,-.5686,-.4104,0,-.3585,.2074,-.9102,0,.6027,.796,-.056,0,0,12.0598,0,1), _M(.7129,-.5686,-.4104,0,-.3585,.2074,-.9102,0,.6027,.796,-.056,0,0,12.0598,0,1));
        bone.length = .4887;
        animation = new _B.Animation("anim", "_matrix", 24, 3, 1);
        animation.setKeys([
        {frame: 1, value: _M(.7129,-.5686,-.4104,0,-.3585,.2074,-.9102,0,.6027,.796,-.056,0,0,12.0598,0,1)},
        {frame: 80, value: _M(.7129,-.5686,-.4104,0,-.3585,.2074,-.9102,0,.6027,.796,-.056,0,0,12.0598,0,1)}
        ]);
        bone.animations.push(animation);

        bone = new QI.Bone("rSmallToe4", skeleton,skeleton.bones[23], _M(.8285,-.5026,.2468,0,-.0891,.3168,.9443,0,-.5528,-.8044,.2177,0,-2.0324,1.6532,-1.4958,1), _M(.8285,-.5026,.2468,0,-.0891,.3168,.9443,0,-.5528,-.8044,.2177,0,-2.0324,1.6532,-1.4958,1));
        bone.length = .9888;
        animation = new _B.Animation("anim", "_matrix", 24, 3, 1);
        animation.setKeys([
        {frame: 1, value: _M(.8285,-.5026,.2468,0,-.0891,.3168,.9443,0,-.5528,-.8044,.2177,0,-2.0324,1.6532,-1.4958,1)},
        {frame: 80, value: _M(.8285,-.5026,.2468,0,-.0891,.3168,.9443,0,-.5528,-.8044,.2177,0,-2.0324,1.6532,-1.4958,1)}
        ]);
        bone.animations.push(animation);

        bone = new QI.Bone("rSmallToe4_2", skeleton,skeleton.bones[24], _M(.886,-.4316,.1694,0,-.4496,-.889,.0866,0,.1132,-.1529,-.9817,0,0,.9888,0,1), _M(.886,-.4316,.1694,0,-.4496,-.889,.0866,0,.1132,-.1529,-.9817,0,0,.9888,0,1));
        bone.length = 3.1279;
        animation = new _B.Animation("anim", "_matrix", 24, 3, 1);
        animation.setKeys([
        {frame: 1, value: _M(.886,-.4316,.1694,0,-.4496,-.889,.0866,0,.1132,-.1529,-.9817,0,0,.9888,0,1)},
        {frame: 80, value: _M(.886,-.4316,.1694,0,-.4496,-.889,.0866,0,.1132,-.1529,-.9817,0,0,.9888,0,1)}
        ]);
        bone.animations.push(animation);

        bone = new QI.Bone("rSmallToe3", skeleton,skeleton.bones[23], _M(.8909,-.3446,.296,0,-.1509,.3901,.9083,0,-.4285,-.8539,.2955,0,-.8969,1.186,-.6198,1), _M(.8909,-.3446,.296,0,-.1509,.3901,.9083,0,-.4285,-.8539,.2955,0,-.8969,1.186,-.6198,1));
        bone.length = 1.3027;
        animation = new _B.Animation("anim", "_matrix", 24, 3, 1);
        animation.setKeys([
        {frame: 1, value: _M(.8909,-.3446,.296,0,-.1509,.3901,.9083,0,-.4285,-.8539,.2955,0,-.8969,1.186,-.6198,1)},
        {frame: 80, value: _M(.8909,-.3446,.296,0,-.1509,.3901,.9083,0,-.4285,-.8539,.2955,0,-.8969,1.186,-.6198,1)}
        ]);
        bone.animations.push(animation);

        bone = new QI.Bone("rSmallToe3_2", skeleton,skeleton.bones[26], _M(.8411,-.2263,.4912,0,-.2445,-.9692,-.0279,0,.4824,-.0966,-.8706,0,0,1.3027,0,1), _M(.8411,-.2263,.4912,0,-.2445,-.9692,-.0279,0,.4824,-.0966,-.8706,0,0,1.3027,0,1));
        bone.length = 2.1143;
        animation = new _B.Animation("anim", "_matrix", 24, 3, 1);
        animation.setKeys([
        {frame: 1, value: _M(.8411,-.2263,.4912,0,-.2445,-.9692,-.0279,0,.4824,-.0966,-.8706,0,0,1.3027,0,1)},
        {frame: 80, value: _M(.8411,-.2263,.4912,0,-.2445,-.9692,-.0279,0,.4824,-.0966,-.8706,0,0,1.3027,0,1)}
        ]);
        bone.animations.push(animation);

        bone = new QI.Bone("rSmallToe2", skeleton,skeleton.bones[23], _M(.883,-.3785,.2776,0,-.1129,.4029,.9083,0,-.4556,-.8333,.313,0,.0045,.9578,.0263,1), _M(.883,-.3785,.2776,0,-.1129,.4029,.9083,0,-.4556,-.8333,.313,0,.0045,.9578,.0263,1));
        bone.length = 1.6906;
        animation = new _B.Animation("anim", "_matrix", 24, 3, 1);
        animation.setKeys([
        {frame: 1, value: _M(.883,-.3785,.2776,0,-.1129,.4029,.9083,0,-.4556,-.8333,.313,0,.0045,.9578,.0263,1)},
        {frame: 80, value: _M(.883,-.3785,.2776,0,-.1129,.4029,.9083,0,-.4556,-.8333,.313,0,.0045,.9578,.0263,1)}
        ]);
        bone.animations.push(animation);

        bone = new QI.Bone("rSmallToe2_2", skeleton,skeleton.bones[28], _M(.5167,.3319,.7892,0,.3861,-.9131,.1312,0,.7641,.2369,-.6,0,0,1.6906,0,1), _M(.5167,.3319,.7892,0,.3861,-.9131,.1312,0,.7641,.2369,-.6,0,0,1.6906,0,1));
        bone.length = 2.0829;
        animation = new _B.Animation("anim", "_matrix", 24, 3, 1);
        animation.setKeys([
        {frame: 1, value: _M(.5167,.3319,.7892,0,.3861,-.9131,.1312,0,.7641,.2369,-.6,0,0,1.6906,0,1)},
        {frame: 80, value: _M(.5167,.3319,.7892,0,.3861,-.9131,.1312,0,.7641,.2369,-.6,0,0,1.6906,0,1)}
        ]);
        bone.animations.push(animation);

        bone = new QI.Bone("rSmallToe1", skeleton,skeleton.bones[23], _M(.9047,-.3298,.2696,0,-.0881,.4744,.8759,0,-.4167,-.8162,.4002,0,.9132,.1171,.6795,1), _M(.9047,-.3298,.2696,0,-.0881,.4744,.8759,0,-.4167,-.8162,.4002,0,.9132,.1171,.6795,1));
        bone.length = 1.9341;
        animation = new _B.Animation("anim", "_matrix", 24, 3, 1);
        animation.setKeys([
        {frame: 1, value: _M(.9047,-.3298,.2696,0,-.0881,.4744,.8759,0,-.4167,-.8162,.4002,0,.9132,.1171,.6795,1)},
        {frame: 80, value: _M(.9047,-.3298,.2696,0,-.0881,.4744,.8759,0,-.4167,-.8162,.4002,0,.9132,.1171,.6795,1)}
        ]);
        bone.animations.push(animation);

        bone = new QI.Bone("rSmallToe1_2", skeleton,skeleton.bones[30], _M(-.0368,.4054,.9134,0,.706,-.6364,.3108,0,.7073,.6563,-.2628,0,0,1.9341,0,1), _M(-.0368,.4054,.9134,0,.706,-.6364,.3108,0,.7073,.6563,-.2628,0,0,1.9341,0,1));
        bone.length = 3.5087;
        animation = new _B.Animation("anim", "_matrix", 24, 3, 1);
        animation.setKeys([
        {frame: 1, value: _M(-.0368,.4054,.9134,0,.706,-.6364,.3108,0,.7073,.6563,-.2628,0,0,1.9341,0,1)},
        {frame: 80, value: _M(-.0368,.4054,.9134,0,.706,-.6364,.3108,0,.7073,.6563,-.2628,0,0,1.9341,0,1)}
        ]);
        bone.animations.push(animation);

        bone = new QI.Bone("rBigToe", skeleton,skeleton.bones[23], _M(.9104,-.3106,.2734,0,-.0972,.4816,.871,0,-.4021,-.8195,.4083,0,2.0116,-1.4704,1.4097,1), _M(.9104,-.3106,.2734,0,-.0972,.4816,.871,0,-.4021,-.8195,.4083,0,2.0116,-1.4704,1.4097,1));
        bone.length = 2.2436;
        animation = new _B.Animation("anim", "_matrix", 24, 3, 1);
        animation.setKeys([
        {frame: 1, value: _M(.9104,-.3106,.2734,0,-.0972,.4816,.871,0,-.4021,-.8195,.4083,0,2.0116,-1.4704,1.4097,1)},
        {frame: 80, value: _M(.9104,-.3106,.2734,0,-.0972,.4816,.871,0,-.4021,-.8195,.4083,0,2.0116,-1.4704,1.4097,1)}
        ]);
        bone.animations.push(animation);

        bone = new QI.Bone("rBigToe_2", skeleton,skeleton.bones[32], _M(.8289,-.3556,.4318,0,.3618,-.2478,-.8987,0,.4266,.9012,-.0768,0,0,2.2436,0,1), _M(.8289,-.3556,.4318,0,.3618,-.2478,-.8987,0,.4266,.9012,-.0768,0,0,2.2436,0,1));
        bone.length = 22.7483;
        animation = new _B.Animation("anim", "_matrix", 24, 3, 1);
        animation.setKeys([
        {frame: 1, value: _M(.8289,-.3556,.4318,0,.3618,-.2478,-.8987,0,.4266,.9012,-.0768,0,0,2.2436,0,1)},
        {frame: 80, value: _M(.8289,-.3556,.4318,0,.3618,-.2478,-.8987,0,.4266,.9012,-.0768,0,0,2.2436,0,1)}
        ]);
        bone.animations.push(animation);

        bone = new QI.Bone("abdomenLower", skeleton,skeleton.bones[0], _M(.9988,.0085,.0481,0,-.0342,.8259,.5628,0,-.0349,-.5637,.8252,0,0,1.8972,-.6331,1), _M(.9988,.0085,.0481,0,-.0342,.8259,.5628,0,-.0349,-.5637,.8252,0,0,1.8972,-.6331,1));
        bone.length = 7.1436;
        animation = new _B.Animation("anim", "_matrix", 24, 3, 1);
        animation.setKeys([
        {frame: 1, value: _M(.9988,.0085,.0481,0,-.0342,.8259,.5628,0,-.0349,-.5637,.8252,0,0,1.8972,-.6331,1)},
        {frame: 80, value: _M(.9988,.0085,.0481,0,-.0342,.8259,.5628,0,-.0349,-.5637,.8252,0,0,1.8972,-.6331,1)}
        ]);
        bone.animations.push(animation);

        bone = new QI.Bone("abdomenUpper", skeleton,skeleton.bones[34], _M(.9993,-.0052,.0361,0,.0103,.9895,-.1439,0,-.035,.1442,.9889,0,0,7.1436,0,1), _M(.9993,-.0052,.0361,0,.0103,.9895,-.1439,0,-.035,.1442,.9889,0,0,7.1436,0,1));
        bone.length = 6.8646;
        animation = new _B.Animation("anim", "_matrix", 24, 3, 1);
        animation.setKeys([
        {frame: 1, value: _M(.9993,-.0052,.0361,0,.0103,.9895,-.1439,0,-.035,.1442,.9889,0,0,7.1436,0,1)},
        {frame: 80, value: _M(.9993,-.0052,.0361,0,.0103,.9895,-.1439,0,-.035,.1442,.9889,0,0,7.1436,0,1)}
        ]);
        bone.animations.push(animation);

        bone = new QI.Bone("chestLower", skeleton,skeleton.bones[35], _M(.9993,-.0118,.0346,0,.026,.8939,-.4475,0,-.0257,.4481,.8936,0,0,6.8646,0,1), _M(.9993,-.0118,.0346,0,.026,.8939,-.4475,0,-.0257,.4481,.8936,0,0,6.8646,0,1));
        bone.length = 10.6639;
        animation = new _B.Animation("anim", "_matrix", 24, 3, 1);
        animation.setKeys([
        {frame: 1, value: _M(.9993,-.0118,.0346,0,.026,.8939,-.4475,0,-.0257,.4481,.8936,0,0,6.8646,0,1)},
        {frame: 80, value: _M(.9993,-.0118,.0346,0,.026,.8939,-.4475,0,-.0257,.4481,.8936,0,0,6.8646,0,1)}
        ]);
        bone.animations.push(animation);

        bone = new QI.Bone("chestUpper", skeleton,skeleton.bones[36], _M(.9993,-.0272,.0247,0,.0121,.8783,.4779,0,-.0347,-.4773,.8781,0,.0004,11.2559,3.4293,1), _M(.9993,-.0272,.0247,0,.0121,.8783,.4779,0,-.0347,-.4773,.8781,0,.0004,11.2559,3.4293,1));
        bone.length = 11.6524;
        animation = new _B.Animation("anim", "_matrix", 24, 3, 1);
        animation.setKeys([
        {frame: 1, value: _M(.9993,-.0272,.0247,0,.0121,.8783,.4779,0,-.0347,-.4773,.8781,0,.0004,11.2559,3.4293,1)},
        {frame: 80, value: _M(.9993,-.0272,.0247,0,.0121,.8783,.4779,0,-.0347,-.4773,.8781,0,.0004,11.2559,3.4293,1)}
        ]);
        bone.animations.push(animation);

        bone = new QI.Bone("lCollar", skeleton,skeleton.bones[37], _M(-.236,-.9713,-.0308,0,.9547,-.2258,-.1938,0,.1812,-.0752,.9806,0,3.0052,9.5419,-.289,1), _M(-.236,-.9713,-.0308,0,.9547,-.2258,-.1938,0,.1812,-.0752,.9806,0,3.0052,9.542,-.289,1));
        bone.length = 10.447;
        animation = new _B.Animation("anim", "_matrix", 24, 3, 1);
        animation.setKeys([
        {frame: 1, value: _M(-.236,-.9713,-.0308,0,.9547,-.2258,-.1938,0,.1812,-.0752,.9806,0,3.0052,9.5419,-.289,1)},
        {frame: 80, value: _M(-.236,-.9713,-.0308,0,.9547,-.2258,-.1938,0,.1812,-.0752,.9806,0,3.0052,9.5419,-.289,1)}
        ]);
        bone.animations.push(animation);

        bone = new QI.Bone("lShldrBend", skeleton,skeleton.bones[38], _M(.3796,-.9128,-.1505,0,.9138,.3446,.2151,0,-.1445,-.2192,.9649,0,0,10.447,0,1), _M(.3796,-.9128,-.1505,0,.9138,.3446,.2151,0,-.1445,-.2192,.9649,0,0,10.447,0,1));
        bone.length = 10.1072;
        animation = new _B.Animation("anim", "_matrix", 24, 3, 1);
        animation.setKeys([
        {frame: 1, value: _M(.3796,-.9128,-.1505,0,.9138,.3446,.2151,0,-.1445,-.2192,.9649,0,0,10.447,0,1)},
        {frame: 2, value: _M(.3797,-.9128,-.1502,0,.9133,.3441,.2177,0,-.1471,-.2199,.9644,0,0,10.447,0,1)},
        {frame: 3, value: _M(.3798,-.9129,-.1492,0,.912,.3426,.2256,0,-.1549,-.2218,.9627,0,0,10.447,0,1)},
        {frame: 4, value: _M(.3801,-.9131,-.1476,0,.9096,.34,.2388,0,-.1679,-.225,.9598,0,0,10.447,0,1)},
        {frame: 5, value: _M(.3805,-.9133,-.1453,0,.9059,.3365,.2572,0,-.186,-.2294,.9554,0,0,10.447,0,1)},
        {frame: 6, value: _M(.3809,-.9136,-.1423,0,.9007,.3319,.2802,0,-.2088,-.2349,.9493,0,0,10.447,0,1)},
        {frame: 7, value: _M(.3814,-.9139,-.1387,0,.8938,.3263,.3076,0,-.2358,-.2413,.9414,0,0,10.447,0,1)},
        {frame: 8, value: _M(.3819,-.9143,-.1346,0,.885,.3199,.3383,0,-.2663,-.2483,.9314,0,0,10.447,0,1)},
        {frame: 9, value: _M(.3825,-.9148,-.1299,0,.8742,.3128,.3715,0,-.2992,-.2557,.9193,0,0,10.447,0,1)},
        {frame: 10, value: _M(.383,-.9152,-.125,0,.8615,.3051,.4059,0,-.3334,-.2631,.9053,0,0,10.447,0,1)},
        {frame: 11, value: _M(.3835,-.9157,-.1198,0,.8472,.2972,.4404,0,-.3676,-.2704,.8898,0,0,10.447,0,1)},
        {frame: 12, value: _M(.3839,-.9162,-.1147,0,.8318,.2893,.4737,0,-.4008,-.2772,.8732,0,0,10.447,0,1)},
        {frame: 13, value: _M(.3842,-.9167,-.1097,0,.8161,.2817,.5047,0,-.4317,-.2834,.8563,0,0,10.447,0,1)},
        {frame: 14, value: _M(.3845,-.9171,-.105,0,.8006,.2747,.5325,0,-.4596,-.2888,.8399,0,0,10.447,0,1)},
        {frame: 15, value: _M(.3847,-.9175,-.1009,0,.7862,.2684,.5566,0,-.4836,-.2934,.8246,0,0,10.447,0,1)},
        {frame: 16, value: _M(.3848,-.9179,-.0974,0,.7736,.2631,.5765,0,-.5035,-.2971,.8113,0,0,10.447,0,1)},
        {frame: 17, value: _M(.3848,-.9181,-.0946,0,.7633,.2589,.5919,0,-.519,-.3,.8004,0,0,10.447,0,1)},
        {frame: 18, value: _M(.3849,-.9183,-.0926,0,.7557,.2559,.6029,0,-.5299,-.302,.7924,0,0,10.447,0,1)},
        {frame: 19, value: _M(.3849,-.9184,-.0914,0,.7511,.2541,.6094,0,-.5365,-.3031,.7876,0,0,10.447,0,1)},
        {frame: 20, value: _M(.3849,-.9185,-.091,0,.7495,.2535,.6115,0,-.5386,-.3035,.786,0,0,10.447,0,1)},
